06/02/2017,1328.2,1328.2,1328.2,1328.2,0
06/05/2017,1403.7,1407.1,1391.8,1392.8,93631
06/06/2017,1393.1,1402.5,1383,1395.4,117815
06/07/2017,1394.1,1401.3,1390.6,1394.8,127663
06/08/2017,1394.6,1420.5,1393.2,1415,250900
06/09/2017,1410.1,1435.2,1409,1422.4,247004
06/12/2017,1421,1427.6,1415.1,1420.6,200625
06/13/2017,1421.1,1429.1,1420.5,1427.4,154318
06/14/2017,1428.3,1430,1410,1416.3,97299
06/15/2017,1414.8,1415.3,1400.5,1411.2,41155
06/16/2017,1413.5,1416.6,1397.2,1397.2,1527
06/19/2017,1410,1421.4,1409.3,1416.8,102485
06/20/2017,1418.6,1419.5,1401.8,1404,103032
06/21/2017,1403.6,1413.5,1396.1,1399.6,115499
06/22/2017,1397.2,1409.3,1393.5,1404.5,95748
06/23/2017,1406,1416,1400.3,1412.6,137485
06/26/2017,1411.3,1419.9,1406.6,1414.4,115227
06/27/2017,1415.2,1421,1402.2,1404.9,133728
06/28/2017,1404.1,1431,1401,1426.8,149345
06/29/2017,1431.3,1432.2,1401,1418,178860
06/30/2017,1416.9,1421.4,1411.4,1414.3,138099
07/03/2017,1411.1,1429.9,1411,1424.6,78828
07/04/2017,1425,1426.9,1412.4,1424.6,15666
07/05/2017,1413.4,1422.9,1411,1418.5,114345
07/06/2017,1418.7,1419.6,1398.1,1400.3,137268
07/07/2017,1400,1417.1,1399.4,1414.2,102901
07/10/2017,1414,1419.3,1403.7,1408.7,2658
07/11/2017,1408.6,1414.1,1400,1413.1,5843
07/12/2017,1413.5,1432.8,1411.6,1422.6,5998
07/13/2017,1422.8,1426,1413.8,1425.8,4203
07/14/2017,1425.7,1433.3,1420.8,1428.6,4915
07/17/2017,1429.1,1434.6,1422.4,1430.9,5151
07/18/2017,1428.9,1431.8,1420.3,1426.8,5815
07/19/2017,1426.7,1443,1425.1,1442.2,8112
07/20/2017,1440.7,1445.5,1438.5,1441.9,8966
07/21/2017,1442.1,1444.5,1432.3,1435.4,7994
07/24/2017,1434.9,1438,1427.9,1436.4,6821
07/25/2017,1435.5,1452.3,1435.5,1450.1,10881
07/26/2017,1450.7,1452.2,1439.8,1441.3,10638
07/27/2017,1443.1,1447,1424.7,1431.2,22219
07/28/2017,1431.7,1432.9,1424.1,1430,12789
07/31/2017,1429.4,1433.4,1419.1,1424.7,11693
08/01/2017,1428.9,1432.1,1419.1,1428,9074
08/02/2017,1427.4,1429.3,1406.3,1411.9,17742
08/03/2017,1411.2,1414.3,1400.5,1405,14421
08/04/2017,1405.5,1412.1,1403.2,1411.2,12151
08/07/2017,1411.6,1417.7,1406.2,1413.9,9211
08/08/2017,1413.2,1426.8,1405.8,1409.4,21143
08/09/2017,1408.4,1409.5,1391.4,1397.2,22248
08/10/2017,1398.6,1398.8,1366.6,1370.1,28857
08/11/2017,1367.8,1375.8,1364.1,1372.3,22201
08/14/2017,1371.9,1395,1371.9,1393.4,16608
08/15/2017,1394.3,1400.3,1381.4,1381.7,13531
08/16/2017,1382.2,1392.1,1380.1,1382.6,15080
08/17/2017,1381,1385.2,1351.5,1354.5,32858
08/18/2017,1352.7,1362,1348.7,1357.1,22551
08/21/2017,1358.6,1360.9,1348.8,1355.4,15154
08/22/2017,1355.5,1372.2,1355.5,1370.8,16131
08/23/2017,1369.2,1373.3,1359.4,1367.2,16261
08/24/2017,1366,1377.1,1363.8,1373.4,17431
08/25/2017,1374.2,1380.7,1369.9,1375.6,16189
08/28/2017,1375.6,1383.8,1372.4,1381.8,15486
08/29/2017,1375.4,1386,1368.5,1382.7,26810
08/30/2017,1383.5,1392.8,1378.9,1390.8,20580
08/31/2017,1389.7,1407.2,1389.3,1405,27455
09/01/2017,1403.5,1414.5,1403.5,1411.7,18597
09/05/2017,1404.5,1419.9,1393.5,1401.2,57154
09/06/2017,1400,1407.8,1397.9,1401.6,54935
09/07/2017,1399.6,1404.1,1392.7,1397.8,97622
09/08/2017,1398.6,1405,1392.5,1402.5,191409
09/11/2017,1407.1,1416.4,1407.1,1415.8,211492
09/12/2017,1415,1424.1,1414.9,1422.8,213361
09/13/2017,1423.2,1429.3,1419.7,1426.4,143165
09/14/2017,1426.2,1428.5,1421.1,1426.6,126761
09/15/2017,1425.5,1434,1420.5,1432.5,60742
09/18/2017,1432.7,1445.2,1431.6,1442.2,64928
09/19/2017,1441.1,1444.5,1437.8,1441.6,41290
09/20/2017,1440.7,1447.9,1439.6,1447.1,73413
09/21/2017,1446.4,1449.8,1441.9,1445.4,49952
09/22/2017,1444.4,1456,1438.6,1450.9,59589
09/25/2017,1449.9,1456.5,1444,1453.7,78570
09/26/2017,1454,1462.1,1451,1457.9,61781
09/27/2017,1457.7,1489.8,1457.1,1487.9,158928
09/28/2017,1486,1492.8,1478.7,1492.6,92939
09/29/2017,1492.2,1495.3,1488.5,1492.9,88268
10/02/2017,1495,1513.5,1491.6,1512.5,87230
10/03/2017,1512.5,1516.2,1504.4,1515.6,83952
10/04/2017,1515.5,1517.4,1505,1511.4,72265
10/05/2017,1508.5,1517.4,1508.5,1515.5,56143
10/06/2017,1513.6,1515,1506.6,1511.6,56526
10/09/2017,1510.8,1518,1502.8,1507.6,51919
10/10/2017,1507,1514,1505.3,1510,71280
10/11/2017,1509.7,1513.2,1505.7,1507.8,53227
10/12/2017,1508.1,1511.2,1501.1,1507.8,64398
10/13/2017,1507.6,1511.8,1503,1506.3,59399
10/16/2017,1506.7,1514.4,1501.2,1505.4,69052
10/17/2017,1505.2,1508.7,1495.8,1499.4,79550
10/18/2017,1499.7,1510.3,1499,1506.4,90348
10/19/2017,1506.3,1507.4,1491.9,1502.9,83594
10/20/2017,1503.5,1514.1,1502.6,1510.3,75281
10/23/2017,1508.6,1513.1,1496.3,1497.7,67127
10/24/2017,1496.6,1508,1496.6,1501.4,51139
10/25/2017,1499.8,1500.5,1481.9,1498,95737
10/26/2017,1497.8,1503.4,1494.6,1499.6,61898
10/27/2017,1499.6,1509.2,1492.5,1508,88415
10/30/2017,1507.6,1508.8,1483.1,1493.1,120264
10/31/2017,1490.9,1508,1490.4,1502.7,102775
11/01/2017,1503.4,1516.3,1483.5,1491.9,135935
11/02/2017,1488.6,1501.6,1482.2,1496.1,92441
11/03/2017,1495.6,1498.7,1489.5,1494.8,65268
11/06/2017,1493.7,1503,1489.2,1497,79803
11/07/2017,1498.1,1500.6,1474,1477.3,125341
11/08/2017,1476,1483.1,1467,1482.5,120572
11/09/2017,1482.9,1485.3,1461.4,1477.5,173627
11/10/2017,1477.5,1479.9,1470.3,1474.2,103374
11/13/2017,1474.6,1477.5,1463.2,1473.6,85311
11/14/2017,1472.4,1474.5,1464.3,1470.5,90447
11/15/2017,1469.8,1470.7,1453,1463.8,132971
11/16/2017,1463.8,1492.6,1462.1,1486,134040
11/17/2017,1485.7,1498.9,1480.2,1492.9,106075
11/20/2017,1492.6,1504.5,1486.3,1504.1,84425
11/21/2017,1503.7,1521.5,1501.8,1518.8,94612
11/22/2017,1517.9,1526.4,1514,1516.6,62715
11/24/2017,1512.8,1524.5,1510.3,1518.5,41208
11/27/2017,1520.2,1524.6,1512.6,1513.3,82248
11/28/2017,1515.4,1538.2,1511.5,1536.3,125638
11/29/2017,1535.8,1550.7,1534.5,1541.2,136222
11/30/2017,1541.8,1554.1,1538.8,1545.4,165135
12/01/2017,1542.6,1545.9,1494.8,1537.6,235793
12/04/2017,1547.7,1562,1528.9,1531.1,162229
12/05/2017,1532.1,1539.3,1515.1,1516.4,143969
12/06/2017,1516.2,1519.6,1506.6,1508.1,124147
12/07/2017,1512.4,1529,1510.3,1523.8,102228
12/08/2017,1524.7,1532.6,1522.6,1524.2,218405
12/11/2017,1524.9,1531.2,1520.3,1525.3,286330
12/12/2017,1526.6,1529.6,1518.3,1519.6,179933
12/13/2017,1519.8,1537.5,1512.7,1529,171616
12/14/2017,1528.3,1531.8,1505.1,1511.3,152017
12/15/2017,1509.5,1542.7,1509.1,1536.6,140073
12/18/2017,1536.6,1557,1535.5,1551.1,100439
12/19/2017,1552.2,1556.8,1536.1,1538.5,89562
12/20/2017,1538.5,1548.8,1537.5,1539.8,82396
12/21/2017,1540.2,1555.6,1539.1,1550.2,66488
12/22/2017,1550.5,1553.7,1542.9,1543.7,58351
12/26/2017,1544.3,1550.2,1542.8,1547.5,37195
12/27/2017,1548.2,1554,1540.9,1545.5,62646
12/28/2017,1544.8,1550.3,1542.8,1549.6,42124
12/29/2017,1548.9,1557,1529.5,1536.5,90075
01/02/2018,1538.8,1553.2,1533.5,1548.8,107483
01/03/2018,1548.8,1557.7,1547.8,1555.5,92646
01/04/2018,1554.5,1564,1552.8,1557,74776
01/05/2018,1557.2,1562.6,1551.6,1561.9,84761
01/08/2018,1561,1565.9,1546.8,1562.4,92580
01/09/2018,1562.5,1567.5,1558.7,1560.7,79417
01/10/2018,1559.2,1563.9,1548.5,1561.9,101342
01/11/2018,1561.4,1589.7,1559.1,1587.9,123788
01/12/2018,1586,1602.2,1585.2,1596.1,116745
01/16/2018,1594.1,1607.2,1570.7,1577.2,170923
01/17/2018,1578.1,1593.4,1575.7,1589,117927
01/18/2018,1588.8,1592,1574.4,1575,108950
01/19/2018,1576.7,1601.6,1572.5,1599,133036
01/22/2018,1593.4,1608.9,1591,1607,95270
01/23/2018,1607.2,1616.3,1599.8,1613.1,96856
01/24/2018,1611.8,1619.2,1596.5,1601.1,128469
01/25/2018,1601.1,1612.4,1594.6,1604.4,106295
01/26/2018,1604,1610,1600.1,1609.6,68738
01/29/2018,1609.1,1612.9,1596.9,1597.8,90577
01/30/2018,1598.9,1601.5,1579.6,1586.8,134710
01/31/2018,1586.3,1596.7,1570.8,1576,126675
02/01/2018,1578.7,1584.8,1565.5,1582.6,136429
02/02/2018,1583,1585.8,1542.2,1544.2,176195
02/05/2018,1543.5,1548.5,1447.3,1459.3,263121
02/06/2018,1470.6,1513.6,1415.1,1507.4,250735
02/07/2018,1502.2,1517.9,1487.5,1497.6,182834
02/08/2018,1495.6,1512,1461.7,1463.8,198916
02/09/2018,1463.8,1489.3,1433.8,1476.7,270554
02/12/2018,1480.2,1498.5,1463.6,1492.3,196111
02/13/2018,1489.4,1497.8,1475.9,1496.2,102455
02/14/2018,1496.2,1524.7,1470,1520.7,174072
02/15/2018,1521.5,1542.6,1514.9,1540.9,110308
02/16/2018,1539,1552.6,1533.9,1544.2,121815
02/20/2018,1543.5,1551,1526,1530.6,113145
02/21/2018,1530.6,1557.6,1524.1,1528.2,131682
02/22/2018,1527.6,1549.7,1517,1536.4,112464
02/23/2018,1536.5,1551.8,1530.5,1551.2,119628
02/26/2018,1552.3,1563.5,1543.3,1561.7,75032
02/27/2018,1560.6,1567.9,1535.1,1538.3,105290
02/28/2018,1537.9,1544.8,1508.1,1511.2,146383
03/01/2018,1512,1523.9,1491.7,1505.4,193204
03/02/2018,1505.4,1535.9,1490.4,1530.4,150828
03/05/2018,1525.5,1550.8,1514.8,1543.6,128002
03/06/2018,1543.2,1562.6,1536,1559.1,109833
03/07/2018,1549.8,1578.1,1538,1573.4,134921
03/08/2018,1576.5,1586.8,1567.1,1577.7,78673
03/09/2018,1577.8,1602.5,1573.9,1601.3,161133
03/12/2018,1600.6,1610.8,1597.3,1605.9,269091
03/13/2018,1606,1615.8,1593,1600.6,200317
03/14/2018,1596.8,1607.8,1585.8,1588.3,135100
03/15/2018,1588.7,1593.2,1575.1,1583,112504
03/16/2018,1584.6,1594.8,1579,1591.1,107899
03/19/2018,1591.2,1591.2,1555.1,1577.6,121003
03/20/2018,1577.5,1582.3,1568.6,1576.7,80768
03/21/2018,1575.9,1594.2,1570.9,1584.1,109879
03/22/2018,1583.6,1589.8,1542.4,1543.9,181540
03/23/2018,1547,1555.2,1513.1,1518.4,177690
03/26/2018,1518.4,1547,1516.2,1546,137168
03/27/2018,1546,1557.5,1509.4,1518.7,154513
03/28/2018,1516.6,1526.8,1506.2,1517.4,158398
03/29/2018,1519.8,1543.6,1514.5,1531.2,142313
04/02/2018,1527.5,1532.7,1482.5,1491.7,176431
04/03/2018,1495.2,1517.5,1492.8,1513.7,138667
04/04/2018,1514.5,1537.4,1484.4,1534.9,132697
04/05/2018,1534.2,1547.6,1532.3,1543.7,97445
04/06/2018,1545.6,1547.1,1502.3,1515.4,142367
04/09/2018,1517.2,1537.5,1513.5,1519.5,93084
04/10/2018,1519,1551.5,1514.2,1545.5,121205
04/11/2018,1544.9,1554.8,1530.3,1548.6,87652
04/12/2018,1549,1565.6,1548.8,1559.3,81507
04/13/2018,1558.3,1564.7,1546.5,1552.8,95583
04/16/2018,1557.9,1570.4,1552.7,1566.4,96186
04/17/2018,1565.6,1587,1564.6,1584.1,92271
04/18/2018,1582.8,1595.9,1582.2,1587.8,80293
04/19/2018,1588,1590.9,1570.1,1575.1,89091
04/20/2018,1574.5,1578.7,1562.5,1566.7,94219
04/23/2018,1573.9,1574.4,1556.7,1565.3,65551
04/24/2018,1564.2,1577.8,1542.9,1556.8,134372
04/25/2018,1556.3,1559.9,1540.4,1555.1,121512
04/26/2018,1556.3,1565.6,1550.1,1564.2,92993
04/27/2018,1563.6,1564.7,1548.5,1558.9,84412
04/30/2018,1557.5,1567.4,1541.7,1543.8,102790
05/01/2018,1543,1555,1527.2,1552.9,114649
05/02/2018,1553.1,1568.2,1546.6,1552.5,93731
05/03/2018,1552.6,1558.2,1531,1551.1,137459
05/04/2018,1550.1,1575.2,1537.6,1566.8,108039
05/07/2018,1566.8,1588.7,1565.7,1581.4,86127
05/08/2018,1580.5,1590,1575.1,1589.5,99277
05/09/2018,1589.1,1600.9,1583.5,1598.4,97288
05/10/2018,1598.2,1611.5,1596.3,1605.2,84089
05/11/2018,1604.3,1611,1599.8,1609.5,85154
05/14/2018,1608.5,1616.4,1598.4,1604.3,102885
05/15/2018,1604,1605.7,1591,1601.8,110559
05/16/2018,1602.7,1622.8,1598.9,1619.1,95436
05/17/2018,1619.7,1629.6,1616.3,1626.6,87643
05/18/2018,1626.3,1632.5,1623.7,1626.9,82034
05/21/2018,1633.7,1641.6,1630.9,1640.7,81926
05/22/2018,1640.4,1643.8,1625.4,1626.8,76218
05/23/2018,1625.8,1632.1,1618.1,1629.5,88235
05/24/2018,1629.5,1632.4,1614.7,1630.1,94847
05/25/2018,1629.8,1636.3,1623.1,1625.3,71751
05/29/2018,1630.2,1632.3,1607.1,1625.2,144076
05/30/2018,1626,1652.8,1621.1,1649.6,127606
05/31/2018,1648.5,1654.2,1631.6,1634.2,138677
06/01/2018,1637.9,1652.2,1636.9,1650.2,112375
06/04/2018,1648.7,1656.1,1641.2,1654.5,94884
06/05/2018,1655,1667.7,1651.4,1666.1,100441
06/06/2018,1665.7,1679.4,1663.8,1678.3,102858
06/07/2018,1682.7,1686.2,1664.6,1674.8,79749
06/08/2018,1676,1678.8,1665.7,1676.4,179759
06/11/2018,1675.1,1683.9,1671.7,1681.7,280659
06/12/2018,1681.7,1692.3,1677.4,1686.4,189715
06/13/2018,1688.5,1691.2,1678.6,1680.7,146258
06/14/2018,1680.9,1692.1,1675.9,1691.3,114355
06/15/2018,1689.5,1691.8,1676.5,1690.6,126112
06/18/2018,1687.5,1699.8,1677.2,1699.6,99617
06/19/2018,1698.5,1699.8,1675.6,1698.8,138870
06/20/2018,1699,1713.9,1694.9,1713.4,113402
06/21/2018,1712.3,1720.8,1689.2,1693.7,153981
06/22/2018,1693.6,1703.1,1684.3,1691.2,187842
06/25/2018,1689,1690.7,1652.1,1662.3,202019
06/26/2018,1662.6,1677.8,1657.6,1674.6,161925
06/27/2018,1673.2,1675.8,1643.4,1644.4,162408
06/28/2018,1643,1652.3,1632.5,1650.7,155489
06/29/2018,1650.4,1660.6,1645.9,1647.5,141526
07/02/2018,1646.5,1660.9,1633.3,1660,122569
07/03/2018,1659.7,1673.1,1655.6,1667.3,93989
07/05/2018,1665.7,1685.3,1664,1684.1,123183
07/06/2018,1681.7,1701.8,1678.7,1701,92275
07/09/2018,1700.8,1711,1700,1710.4,75634
07/10/2018,1710.7,1715,1690.4,1700.2,94200
07/11/2018,1692.6,1702.1,1683.6,1686.7,117140
07/12/2018,1689.9,1697.9,1681.6,1692.3,110108
07/13/2018,1692.8,1702.7,1688.8,1691.6,91331
07/16/2018,1692.4,1695.5,1674.4,1683.2,99564
07/17/2018,1682.9,1695.3,1680.3,1690.2,99006
07/18/2018,1691.4,1695.2,1680.1,1694.2,81389
07/19/2018,1694.7,1707.2,1687,1705.5,106212
07/20/2018,1704.3,1707.6,1697.5,1698.9,100030
07/23/2018,1699.7,1705.7,1691.9,1702.7,77532
07/24/2018,1701.9,1711.8,1676.1,1682.2,123494
07/25/2018,1680,1691,1674.8,1689.8,116069
07/26/2018,1687.5,1707.7,1687.5,1701.1,114870
07/27/2018,1699,1703.3,1661.2,1661.9,138129
07/30/2018,1661.6,1673.4,1653.4,1655,122938
07/31/2018,1656.2,1679.7,1653.3,1672.4,140980
08/01/2018,1677.2,1677.3,1657.6,1668.1,105726
08/02/2018,1670.6,1685.7,1656.8,1684.8,110415
08/03/2018,1685.5,1689.5,1668.2,1675.3,107262
08/06/2018,1676.7,1687.6,1671,1686.9,86933
08/07/2018,1686.6,1697.3,1686,1691.5,87892
08/08/2018,1692.2,1692.3,1676.6,1687.1,87229
08/09/2018,1685.7,1699.2,1685.1,1693,71711
08/10/2018,1691.9,1698.5,1680.5,1687.3,106377
08/13/2018,1686.5,1691.9,1669.9,1677.1,115570
08/14/2018,1678.1,1697.8,1677.9,1696.6,100358
08/15/2018,1696.6,1697.4,1662.5,1673.8,148349
08/16/2018,1674,1693,1671,1689.2,91739
08/17/2018,1688.5,1697.7,1680.3,1696.9,83345
08/20/2018,1697.6,1702.9,1689.2,1699.2,80096
08/21/2018,1700.2,1724.9,1695.9,1717.2,120076
08/22/2018,1712.5,1725.8,1708.4,1723.3,87291
08/23/2018,1723.9,1726.3,1712.7,1717.6,92226
08/24/2018,1719.1,1728.7,1718,1726.8,73421
08/27/2018,1727.9,1740.2,1726.9,1731.1,82953
08/28/2018,1731,1735.6,1721.6,1729.5,76771
08/29/2018,1729.6,1738.3,1724.9,1736.6,83206
08/30/2018,1737.4,1742.8,1728.3,1734.9,96000
08/31/2018,1732.8,1744,1727.8,1740.6,104127
09/04/2018,1742.3,1746.3,1720.6,1734.6,139773
09/05/2018,1735.2,1736.4,1713.1,1728.7,123502
09/06/2018,1729.3,1734.3,1713.5,1715.2,127835
09/07/2018,1714.8,1723.7,1705.8,1715.8,123353
09/10/2018,1715.2,1726.1,1713,1719.7,107963
09/11/2018,1719.1,1725.3,1708.8,1720.9,113716
09/12/2018,1721.6,1722.5,1702.1,1716.6,133565
09/13/2018,1720.5,1730,1716.2,1720.1,76348
09/14/2018,1721,1733.1,1717.5,1728.7,193349
09/17/2018,1727,1729,1706.9,1709.4,283553
09/18/2018,1708.9,1720.7,1702.7,1718.1,218026
09/19/2018,1718.2,1724.2,1703.3,1709.5,196444
09/20/2018,1710.5,1729.2,1709.2,1728,140544
09/21/2018,1727.9,1731.3,1714.5,1717.4,123228
09/24/2018,1713,1717.3,1699.4,1709.4,99941
09/25/2018,1710.6,1717.7,1708.4,1714.5,78390
09/26/2018,1715.1,1719.4,1693,1695.2,119678
09/27/2018,1696.2,1703.1,1693.4,1696.5,100798
09/28/2018,1698.7,1706.1,1686.9,1700.8,126284
10/01/2018,1703.7,1711.8,1672.6,1678.7,158271
10/02/2018,1679.7,1680.4,1656.6,1660.5,147722
10/03/2018,1660.8,1682.3,1659.1,1678.3,146492
10/04/2018,1675.7,1675.8,1645.5,1650.6,174409
10/05/2018,1653.1,1657.6,1620.4,1639.4,196006
10/08/2018,1640.8,1642.5,1619.2,1634,115794
10/09/2018,1634,1641.4,1623.5,1626.8,143909
10/10/2018,1627.1,1629.5,1565.9,1570.5,250682
10/11/2018,1567.7,1586,1544.4,1553.7,315939
10/12/2018,1555.4,1575.8,1530.7,1549.4,243297
10/15/2018,1553.1,1565,1535.7,1550.7,193762
10/16/2018,1550,1601.8,1548.5,1600.7,197212
10/17/2018,1598.8,1602.1,1570.7,1594.1,162781
10/18/2018,1593.3,1594.1,1555.4,1562.2,162728
10/19/2018,1564.5,1575.4,1539.2,1542.7,154382
10/22/2018,1541,1556.5,1532.8,1542.2,127969
10/23/2018,1541.8,1542.8,1500.2,1531.2,196436
10/24/2018,1531.3,1534.4,1467.7,1469.8,200991
10/25/2018,1478.3,1509,1469.4,1495.1,188020
10/26/2018,1488,1504.9,1457.4,1490.9,220380
10/29/2018,1488.1,1517,1460.7,1480.2,190562
10/30/2018,1478,1514.1,1474.8,1512,192313
10/31/2018,1512.3,1529.4,1508.5,1511.9,184307
11/01/2018,1511.4,1548.2,1510.6,1542.1,178877
11/02/2018,1537.7,1559.7,1534.6,1549.6,183881
11/05/2018,1548.9,1557.1,1533.5,1549.8,119893
11/06/2018,1549.6,1562.3,1543.7,1559.5,117221
11/07/2018,1557.5,1585.8,1550.4,1584.2,159426
11/08/2018,1584,1589.2,1573.5,1582.1,116226
11/09/2018,1580.2,1582.9,1539.1,1551.7,151073
11/12/2018,1552.4,1561.9,1518.2,1520.4,178481
11/13/2018,1522,1540.7,1512.5,1517.4,164615
11/14/2018,1520.3,1534.4,1494,1499.8,184018
11/15/2018,1501.6,1528.7,1490.2,1527.4,191882
11/16/2018,1526.6,1532.4,1509.4,1531.5,148212
11/19/2018,1528.1,1533.4,1492,1500.4,153277
11/20/2018,1501.8,1501.8,1464.1,1466.9,192128
11/21/2018,1466.2,1501.9,1463.6,1487.9,116532
11/23/2018,1488.4,1501,1472.5,1486.1,84608
11/26/2018,1490,1512.2,1486.2,1503.5,120977
11/27/2018,1498.9,1511,1490.6,1493.7,123860
11/28/2018,1494.9,1532.1,1484.2,1527.9,159698
11/29/2018,1525.5,1535.3,1512.2,1527.5,126902
11/30/2018,1526.6,1536.6,1518,1534.6,132069
12/03/2018,1548.3,1562.4,1527.5,1547.8,152270
12/04/2018,1547.6,1549.3,1478.2,1481.9,227560
12/05/2018,1482,1494.4,1481.7,1481.9,14801
12/06/2018,1489.6,1490.7,1440.7,1475.3,236105
12/07/2018,1477.6,1489,1438.8,1450.1,196943
12/10/2018,1446.2,1456.5,1420.4,1447.1,191723
12/11/2018,1449.1,1468.4,1430,1444.2,166591
12/12/2018,1438.9,1474.2,1438.8,1455.6,168444
12/13/2018,1459.1,1468.5,1435.2,1436.4,74283
12/14/2018,1438.5,1441.8,1409.8,1415.8,177675
12/17/2018,1413.7,1423.4,1375.4,1390.1,346003
12/18/2018,1391,1405.8,1370.4,1374.7,254924
12/19/2018,1373,1400,1342.7,1347.9,270866
12/20/2018,1345.8,1362.7,1313.7,1337.8,344731
12/21/2018,1340.7,1342.6,1291.1,1297.4,249891
12/24/2018,1295,1305,1263.2,1264.2,123726
12/26/2018,1267.1,1333.4,1252,1331.1,177796
12/27/2018,1329.4,1337.2,1288.9,1333.7,225242
12/28/2018,1335.3,1360.6,1326.2,1340.9,161477
12/31/2018,1345.3,1354.8,1328.1,1349,155975
01/02/2019,1353.2,1362.8,1323.5,1356.2,162604
01/03/2019,1344.9,1357.1,1326.4,1330.4,174035
01/04/2019,1333.1,1387.3,1325.3,1381.6,176271
01/07/2019,1384.4,1414.6,1375.8,1405.9,173010
01/08/2019,1406.8,1429.3,1404.6,1425.9,164464
01/09/2019,1424,1445.1,1422.8,1437.5,136836
01/10/2019,1436.4,1448.6,1424.3,1446.6,139747
01/11/2019,1445.8,1450.9,1437.3,1447.7,112967
01/14/2019,1446.2,1446.5,1431.4,1433.9,122885
01/15/2019,1435.1,1447.5,1431.8,1443.2,145658
01/16/2019,1442.4,1463.6,1440.9,1454.2,113699
01/17/2019,1453.1,1473.8,1445.5,1468.3,127420
01/18/2019,1469.9,1489.7,1466.6,1484.3,131941
01/22/2019,1481.9,1483.9,1450.6,1459.8,150609
01/23/2019,1460,1472.2,1444.4,1455.4,121941
01/24/2019,1454.6,1467.6,1450.3,1460.9,104759
01/25/2019,1463.6,1486.6,1461.1,1482.6,108570
01/28/2019,1481.2,1482.8,1463.3,1475,128819
01/29/2019,1474.4,1478.9,1467.2,1472.6,96302
01/30/2019,1475.6,1493.4,1466.1,1488.6,133097
01/31/2019,1488.5,1504.7,1484.4,1500.2,169049
02/01/2019,1502.6,1506.7,1495.3,1503.5,120068
02/04/2019,1499.6,1519.6,1498.3,1517.4,101524
02/05/2019,1517.8,1525.7,1511.9,1518.4,91034
02/06/2019,1518,1523.3,1510.5,1517.5,74595
02/07/2019,1517.4,1518.2,1492.9,1505.6,118735
02/08/2019,1504.4,1510,1493.9,1508.1,85814
02/11/2019,1509.8,1520.8,1504.8,1520,93109
02/12/2019,1519.1,1541.5,1518.5,1538.5,108845
02/13/2019,1538,1546.8,1535.9,1542.2,92584
02/14/2019,1541.5,1552.5,1532.5,1544.6,130853
02/15/2019,1543.7,1572.7,1537.2,1570.6,118497
02/19/2019,1570.4,1579.9,1562.7,1575.7,103317
02/20/2019,1575,1584.7,1571.7,1583.6,112963
02/21/2019,1583.4,1590.9,1569,1577.5,118384
02/22/2019,1576,1592.4,1575.1,1589.9,93196
02/25/2019,1596,1603.6,1589.3,1591.1,91833
02/26/2019,1589.1,1590.5,1575.1,1576.7,104252
02/27/2019,1574.4,1583.5,1569.2,1582.1,93314
02/28/2019,1582,1582.6,1571.2,1575.5,116696
03/01/2019,1575.8,1591,1574.8,1589.5,122532
03/04/2019,1592.4,1598,1563.1,1574.4,141342
03/05/2019,1574.1,1579.3,1566.9,1569.8,93445
03/06/2019,1567.5,1569.2,1535.6,1537,172797
03/07/2019,1542.2,1547.7,1525.4,1528.8,94337
03/08/2019,1529.5,1531.8,1517.6,1530.7,168430
03/11/2019,1530.7,1555.6,1524.4,1553.3,280966
03/12/2019,1554.9,1561.2,1549.2,1553.6,180530
03/13/2019,1554.6,1568.4,1548.1,1563.1,134540
03/14/2019,1563.6,1565.9,1551.3,1552.3,114411
03/15/2019,1552.4,1569.7,1552.4,1559.9,134772
03/18/2019,1558.1,1575.6,1555.2,1569.9,128822
03/19/2019,1570.7,1577.7,1556.4,1558.7,129533
03/20/2019,1559.6,1569.2,1538.5,1546.8,169223
03/21/2019,1544,1575.7,1538.8,1568.6,175957
03/22/2019,1566.4,1569.9,1508.5,1511.1,238120
03/25/2019,1511.5,1526.9,1497.4,1519.6,175604
03/26/2019,1520,1542.5,1518.7,1531.9,137139
03/27/2019,1532,1536.8,1508,1526.3,142003
03/28/2019,1524.2,1542.9,1517.6,1540.2,120898
03/29/2019,1540.2,1553.4,1534.5,1543.8,149621
04/01/2019,1545.9,1562.6,1545.9,1559.6,133519
04/02/2019,1559,1562.8,1548,1554.4,102212
04/03/2019,1553.1,1574.9,1552.7,1566.9,129813
04/04/2019,1567.2,1573.8,1561.4,1571.9,96841
04/05/2019,1570.9,1588.2,1570,1586.1,122757
04/08/2019,1587.8,1588.3,1573.6,1583.9,104965
04/09/2019,1584.1,1585,1561.7,1564.7,100692
04/10/2019,1564.5,1586.8,1562.1,1585.8,104757
04/11/2019,1586.2,1589.5,1580.8,1581.9,92385
04/12/2019,1582.2,1594.2,1581,1589.2,96747
04/15/2019,1590.1,1593.5,1577.3,1583.7,78587
04/16/2019,1583.5,1591.4,1582,1586.8,84717
04/17/2019,1586.2,1593.6,1563.5,1570.6,119816
04/18/2019,1570.5,1576,1558.2,1569,109732
04/22/2019,1568.6,1571.8,1556.7,1564.1,79466
04/23/2019,1564.5,1592.6,1561,1589.7,126447
04/24/2019,1589.9,1598.7,1584.5,1590.6,108586
04/25/2019,1588.5,1590.8,1565.7,1579,122968
04/26/2019,1576.4,1596.3,1572.5,1594,96040
04/29/2019,1592.7,1607.6,1592.7,1602.2,88469
04/30/2019,1602.9,1605.1,1580.6,1594.2,132900
05/01/2019,1597,1600.6,1573,1577.6,133510
05/02/2019,1573.3,1592,1566.9,1585.8,147804
05/03/2019,1586.9,1618.7,1584.8,1617.3,125261
05/06/2019,1600,1621.9,1577.6,1617.5,147921
05/07/2019,1605.6,1615.5,1572.5,1590.2,184178
05/08/2019,1589,1594.1,1576,1581.3,142028
05/09/2019,1579.6,1579.9,1546.7,1572.1,189232
05/10/2019,1571,1582.7,1545.7,1578.6,178209
05/13/2019,1568.4,1569.5,1519,1520.1,210040
05/14/2019,1521,1550.7,1516.7,1546.1,140584
05/15/2019,1547,1553,1529.3,1551.5,129467
05/16/2019,1550,1570.4,1542.8,1559.9,124008
05/17/2019,1559.6,1561.7,1534.7,1537.6,160268
05/20/2019,1536.8,1547.4,1522.1,1526.8,127705
05/21/2019,1528.8,1548.9,1527.6,1546.3,105971
05/22/2019,1545.3,1548,1527.9,1533.8,105289
05/23/2019,1533.5,1534.2,1492.9,1502.1,184081
05/24/2019,1502.4,1518.5,1501.7,1517.7,111113
05/28/2019,1516.1,1523.9,1502.8,1505.8,127436
05/29/2019,1505.4,1506.4,1480.6,1488.9,151048
05/30/2019,1489.2,1502.5,1476.7,1486.4,117554
05/31/2019,1484.6,1486.4,1459.4,1466.5,157306
06/03/2019,1461,1478.3,1454.3,1472.3,199925
06/04/2019,1475.8,1509.3,1471.3,1506.9,166123
06/05/2019,1507.2,1516.6,1492.2,1505.8,153212
06/06/2019,1504.1,1513,1488.8,1502.5,157001
06/07/2019,1498.9,1521.1,1497.9,1512.6,146831
06/10/2019,1519.6,1537.4,1515.3,1522.6,111462
06/11/2019,1524.7,1538.2,1511.4,1518.1,118505
06/12/2019,1518.4,1523.6,1511.8,1521.6,91443
06/13/2019,1526.4,1540.8,1518.4,1539.3,66771
06/14/2019,1539,1543.3,1525.7,1528.3,164366
06/17/2019,1528.1,1543.5,1527.5,1537.8,248968
06/18/2019,1538,1566.1,1533.6,1554.9,195133
06/19/2019,1554.9,1561.2,1547.9,1559.7,132165
06/20/2019,1558,1576,1557.6,1566.7,143581
06/21/2019,1566.3,1566.9,1549.5,1552,126340
06/24/2019,1550.8,1559,1533.6,1537.3,112223
06/25/2019,1536.3,1540.5,1523.4,1525,113659
06/26/2019,1524.8,1535.7,1520.2,1521.2,105769
06/27/2019,1520.5,1552,1519.8,1549.8,146620
06/28/2019,1550.7,1575.2,1548.5,1567.1,216721
07/01/2019,1582.9,1593.3,1564.8,1573.6,149789
07/02/2019,1574.4,1577.1,1554.7,1566.3,119230
07/03/2019,1566.1,1579,1562.6,1578,62345
07/05/2019,1579,1581.5,1560.5,1579.4,98274
07/08/2019,1580.5,1581.3,1560.8,1564.7,85845
07/09/2019,1563.4,1566.8,1555.5,1565.2,96929
07/10/2019,1564.6,1577.9,1560.1,1568,119441
07/11/2019,1567.6,1573.3,1553.7,1559.7,100821
07/12/2019,1559.1,1578.6,1559,1572,97115
07/15/2019,1572.4,1579,1560,1565.1,88380
07/16/2019,1564.8,1573.7,1558.1,1565.5,100388
07/17/2019,1564.4,1568.5,1548.2,1551.6,108706
07/18/2019,1549.4,1562.4,1546.6,1558.1,110089
07/19/2019,1560.6,1565.4,1545.1,1548.1,101984
07/22/2019,1546.1,1557.9,1544.6,1548.3,94587
07/23/2019,1547.9,1558.1,1545.9,1557.3,97079
07/24/2019,1555.4,1585.9,1550.6,1584.2,138522
07/25/2019,1583.7,1588.9,1561.3,1563.2,126578
07/26/2019,1562.5,1585.1,1562,1581.5,106486
07/29/2019,1579.8,1584.5,1566.4,1571.1,80042
07/30/2019,1572.8,1589.4,1557.4,1587.4,136733
07/31/2019,1587,1603.5,1566,1576.7,235957
08/01/2019,1572.5,1592.1,1545.7,1551.6,223997
08/02/2019,1549.8,1552.1,1522.1,1535.3,207516
08/05/2019,1535,1535.6,1470.4,1479.9,242708
08/06/2019,1473.8,1505.5,1450.7,1499.4,191436
08/07/2019,1498.3,1508.4,1474.7,1500.1,194252
08/08/2019,1498,1535.2,1493.1,1534.1,155125
08/09/2019,1527.8,1532.3,1508.2,1513.7,147777
08/12/2019,1513.6,1521.1,1491,1493.1,115242
08/13/2019,1494.4,1525.9,1484.3,1513.7,152829
08/14/2019,1513.5,1516,1464.5,1468.3,205310
08/15/2019,1465.8,1485,1455.1,1463.3,188968
08/16/2019,1464.2,1496.5,1463.9,1493.6,130299
08/19/2019,1492.6,1516.4,1492.6,1507.6,105377
08/20/2019,1506.5,1512.8,1495.1,1496.4,86921
08/21/2019,1494,1515.1,1492.7,1514,87628
08/22/2019,1514,1518.6,1498.3,1506.5,107218
08/23/2019,1505,1514.1,1455.8,1463.7,224274
08/26/2019,1448.7,1484.4,1440.4,1480.3,165761
08/27/2019,1480.6,1487.7,1452.6,1454.7,176358
08/28/2019,1454.8,1480.3,1447.7,1473.3,144557
08/29/2019,1470.3,1499.4,1465.2,1497.5,121117
08/30/2019,1496.6,1508.2,1486.4,1494.2,114340
09/03/2019,1486,1495.9,1465.7,1470.1,190895
09/04/2019,1469.2,1489.6,1468.2,1483.4,105652
09/05/2019,1483.3,1525.5,1482.6,1507,168453
09/06/2019,1507.3,1518.6,1504.2,1505,101814
09/09/2019,1505.2,1528.6,1504.5,1522,127993
09/10/2019,1522.1,1546.6,1514.7,1545,165333
09/11/2019,1545.1,1579.3,1541.4,1577,224324
09/12/2019,1580.1,1588.5,1563.6,1581.3,72896
09/13/2019,1578.3,1597.4,1578.3,1582.9,207569
09/16/2019,1577.2,1596.1,1568.9,1587.7,272691
09/17/2019,1589,1591.3,1572.5,1583.8,217491
09/18/2019,1584.4,1584.7,1558.4,1572,165494
09/19/2019,1573,1586.2,1562.9,1564.2,151479
09/20/2019,1563.6,1574.3,1551.8,1561.3,156045
09/23/2019,1564.9,1571.6,1552.3,1562.1,109717
09/24/2019,1564,1570.4,1530.3,1536.8,193893
09/25/2019,1536.8,1556.5,1529.4,1552.8,152922
09/26/2019,1552.6,1558.6,1531.6,1537.2,145632
09/27/2019,1537.8,1544.6,1516.6,1524.1,145939
09/30/2019,1529.8,1534.2,1519.5,1525,159147
10/01/2019,1528.6,1545,1491.2,1493.3,198485
10/02/2019,1494.9,1499.8,1468.5,1476.8,191080
10/03/2019,1477.6,1489.2,1459,1486.9,164899
10/04/2019,1487.7,1502.4,1477.7,1500.5,119597
10/07/2019,1490.7,1510.7,1487.5,1498.9,111481
10/08/2019,1497,1505.4,1470.3,1474.3,151591
10/09/2019,1474.7,1490.9,1472,1481.5,101207
10/10/2019,1482.1,1496.2,1462.7,1489.7,134969
10/11/2019,1493.5,1530,1489.3,1512.9,179438
10/14/2019,1510.4,1519.9,1500.8,1506.6,80812
10/15/2019,1506.8,1531.4,1506.8,1526.4,107282
10/16/2019,1525.1,1532.6,1517.2,1524.8,91695
10/17/2019,1525.6,1545,1521.1,1543.4,105723
10/18/2019,1543.1,1544.9,1524.1,1537.6,101649
10/21/2019,1534.7,1559.9,1534.2,1551.5,105337
10/22/2019,1551.5,1560.6,1547.1,1551.7,87874
10/23/2019,1550.8,1557.3,1545.2,1555.5,70918
10/24/2019,1556,1560.1,1544.1,1552.4,82434
10/25/2019,1551.5,1564.9,1547.6,1559.2,77252
10/28/2019,1560.2,1579.6,1559.3,1574.9,105413
10/29/2019,1575.6,1582.9,1568,1578.2,95081
10/30/2019,1578.5,1579.7,1561.8,1574.4,95812
10/31/2019,1575.7,1576.3,1551,1563.4,146468
11/01/2019,1563.8,1591,1561.4,1590.3,134104
11/04/2019,1589.7,1605.9,1589.7,1597.2,113059
11/05/2019,1597.1,1613.6,1595.6,1599.4,112415
11/06/2019,1598.5,1602.4,1586.9,1592.4,109694
11/07/2019,1593.7,1610.6,1589.6,1594.9,130123
11/08/2019,1594.4,1601.3,1587.9,1598.9,95562
11/11/2019,1600.1,1600.6,1587.2,1596.9,82115
11/12/2019,1597.2,1607.3,1593.1,1595.7,100717
11/13/2019,1595.6,1595.9,1579.7,1593,118129
11/14/2019,1593.2,1597.1,1585.8,1589.1,103166
11/15/2019,1589.8,1600.8,1588.8,1597.2,92353
11/18/2019,1598.4,1601.2,1587,1591.9,88309
11/19/2019,1592.1,1605,1588.6,1598.7,107594
11/20/2019,1597.8,1603.8,1580.2,1593.9,152215
11/21/2019,1590.2,1599,1579.4,1584.8,121222
11/22/2019,1584,1592.8,1580.6,1591,99011
11/25/2019,1595.4,1625.5,1594.1,1623.2,128793
11/26/2019,1623.3,1632.6,1619.8,1627.7,115805
11/27/2019,1627.1,1636.1,1625.9,1635.1,91996
11/29/2019,1635.4,1636.4,1623,1623.8,93993
12/02/2019,1625.1,1635.4,1605.4,1609.3,145107
12/03/2019,1609,1614.6,1587.5,1604.2,145609
12/04/2019,1604.3,1618.5,1599.1,1614.3,118376
12/05/2019,1614,1622.7,1610.6,1616.8,107066
12/06/2019,1617,1640.3,1616.3,1636.4,122020
12/09/2019,1636.6,1637.8,1628.6,1630.4,99042
12/10/2019,1630,1636,1619.1,1633.5,108541
12/11/2019,1633.9,1637.6,1625.4,1633.9,110764
12/12/2019,1637.9,1660,1631.1,1648.6,70910
12/13/2019,1651.6,1660.2,1634.2,1644.2,265443
12/16/2019,1645.5,1664.2,1644.8,1656.2,249447
12/17/2019,1655.9,1661.3,1651.1,1660.7,181333
12/18/2019,1659.1,1669,1658.3,1668.5,150944
12/19/2019,1668,1674.2,1664.8,1672,116721
12/20/2019,1673.4,1679.7,1671.4,1674,110095
12/23/2019,1673.8,1677.8,1667.8,1676.8,87349
12/24/2019,1677.4,1681.3,1674.3,1680.1,33145
12/26/2019,1680.5,1684.4,1678,1682.2,46368
12/27/2019,1681.3,1687.8,1668.5,1670.9,97281
12/30/2019,1669.5,1675.9,1659.4,1668.4,116597
12/31/2019,1667.9,1676.9,1660.6,1670.6,135363
01/02/2020,1674,1684.8,1654.6,1670.5,163826
01/03/2020,1672.4,1674.3,1639.7,1661.8,169715
01/06/2020,1653.2,1667.9,1646.6,1663,138819
01/07/2020,1663.5,1669.4,1653,1658.2,114910
01/08/2020,1656.5,1672.3,1627.3,1668.6,169350
01/09/2020,1669,1676.6,1664.3,1667.7,118766
01/10/2020,1667.2,1672,1653.4,1659.2,140147
01/13/2020,1657,1672.2,1652,1670.9,116036
01/14/2020,1670.2,1687.4,1660.9,1679.5,179580
01/15/2020,1678.8,1691.2,1671,1685.6,147006
01/16/2020,1686,1710.2,1686,1706.5,179261
01/17/2020,1707.1,1715.1,1698.1,1699.9,134985
01/21/2020,1698.9,1703.3,1683.2,1685.9,150158
01/22/2020,1686.4,1697.1,1681.7,1684.8,127606
01/23/2020,1683.2,1690.3,1664.9,1685.5,136971
01/24/2020,1685.7,1694.3,1652.5,1663.4,190629
01/27/2020,1651.1,1655.2,1634.2,1644.2,210996
01/28/2020,1644.6,1664.3,1644,1658.9,151696
01/29/2020,1660.6,1665.7,1646.2,1649.4,129304
01/30/2020,1648.6,1652,1628.7,1648.9,181593
01/31/2020,1650.4,1652.8,1609.1,1614.7,209849
02/03/2020,1613.5,1639,1613.5,1633,164594
02/04/2020,1631.7,1662.6,1627.3,1659.8,147585
02/05/2020,1661.1,1685.5,1654.3,1684.8,148463
02/06/2020,1684.5,1695.2,1676.8,1680.6,116240
02/07/2020,1682.1,1682.5,1652.7,1658.2,150859
02/10/2020,1656.3,1669.6,1646.4,1669,107171
02/11/2020,1668.4,1688.5,1667.5,1678.4,134231
02/12/2020,1679.6,1691.9,1677.2,1690,102544
02/13/2020,1690.5,1698,1673,1696.4,132555
02/14/2020,1696.6,1703.1,1681.7,1687.1,119401
02/18/2020,1687.6,1693.9,1672.6,1683.2,135075
02/19/2020,1684.3,1699.5,1684,1693.4,110574
02/20/2020,1694.6,1698.9,1673.6,1694.4,178772
02/21/2020,1693.1,1694.1,1671,1679.1,170713
02/24/2020,1665.8,1666.6,1618,1624.6,269354
02/25/2020,1625.7,1645.5,1566.3,1571.9,350378
02/26/2020,1574.6,1591.6,1545.6,1550.4,305062
02/27/2020,1547.4,1556.7,1480.3,1485.6,369979
02/28/2020,1481.6,1500,1444,1474.9,420114
03/02/2020,1454.5,1520.1,1446.4,1500.8,363288
03/03/2020,1509.5,1548,1468.2,1479.6,308685
03/04/2020,1475.2,1530.2,1470.2,1522.3,233936
03/05/2020,1522.7,1523.5,1459.6,1476.6,231363
03/06/2020,1479.5,1485.4,1414.4,1444.6,258651
03/09/2020,1419.8,1419.8,1301.2,1314,227362
03/10/2020,1303,1373.8,1283.7,1339.9,344366
03/11/2020,1337.5,1340.7,1244.7,1262.7,310346
03/12/2020,1257,1271,1092.1,1105.5,111693
03/13/2020,1085,1211.6,1056.6,1194.2,297538
03/16/2020,1170,1182.5,966.9,1026.5,407304
03/17/2020,1027.3,1102.1,999.9,1085.6,344024
03/18/2020,1068,1072.5,959,1003.5,277175
03/19/2020,1005.3,1068.7,948.5,1039.8,327256
03/20/2020,1025.5,1093.6,994.3,1015.9,260231
03/23/2020,979,1063.8,958.9,998.3,253398
03/24/2020,1004.2,1105.3,1004.2,1099.4,234892
03/25/2020,1096.5,1145.1,1062.8,1097.1,211762
03/26/2020,1099,1180.3,1068.7,1166.7,208024
03/27/2020,1176.4,1176.9,1111.8,1120.3,172049
03/30/2020,1095,1157.5,1086.3,1154.4,152028
03/31/2020,1152.8,1166.9,1123.9,1147.6,189662
04/01/2020,1136.3,1137.5,1059.2,1067.6,211549
04/02/2020,1070.2,1108.2,1049.8,1081.7,193255
04/03/2020,1079.2,1084.6,1029.7,1053,152067
04/06/2020,1049.1,1138,1049.1,1128.7,176251
04/07/2020,1125.8,1190.4,1110.9,1125.2,207881
04/08/2020,1125.1,1197.3,1117.3,1182.2,181784
04/09/2020,1183.7,1250.9,1167.7,1243.6,268753
04/13/2020,1265,1265.6,1195.1,1211.6,156464
04/14/2020,1216,1253.8,1213.5,1237,148741
04/15/2020,1237.1,1237.1,1170.1,1182.9,165912
04/16/2020,1177.7,1207.2,1148.5,1173.9,211011
04/17/2020,1231.8,1232.3,1204.4,1224.3,164361
04/20/2020,1221.1,1233.5,1190.8,1206.4,144224
04/21/2020,1208,1222.6,1164.6,1185.1,174621
04/22/2020,1184.4,1214,1174.3,1194.9,123844
04/23/2020,1197.1,1233.1,1185.4,1204.8,154172
04/24/2020,1204,1237.4,1189,1224.6,125748
04/27/2020,1226.6,1289.3,1217.8,1277.5,181206
04/28/2020,1277.5,1320.7,1264.8,1301.8,216540
04/29/2020,1300.5,1374,1294.6,1359,234758
04/30/2020,1368.5,1370.6,1297.6,1306.7,229839
05/01/2020,1297.5,1297.5,1236.5,1257.9,184097
05/04/2020,1236.8,1263.5,1220.1,1255.9,155707
05/05/2020,1256.5,1303.7,1255.8,1268.1,167797
05/06/2020,1268,1286.6,1252.8,1255.3,160604
05/07/2020,1254,1289,1245.6,1285,152517
05/08/2020,1284.2,1330.8,1282.5,1329,158983
05/11/2020,1327.1,1341.7,1297.3,1315.1,186215
05/12/2020,1314.5,1332.1,1255.1,1266.5,196159
05/13/2020,1257.5,1279.5,1208.1,1229.9,289756
05/14/2020,1234.5,1240.6,1174.9,1233.6,285023
05/15/2020,1233.7,1259.1,1212.6,1246.4,200637
05/18/2020,1254.1,1338.2,1247.5,1333.2,247395
05/19/2020,1331.1,1350.7,1303.8,1307.5,187195
05/20/2020,1302.7,1354.2,1297.5,1344.3,192434
05/21/2020,1346.6,1355.3,1327,1342.6,171076
05/22/2020,1342.2,1357.5,1315.9,1354.3,148099
05/26/2020,1353.4,1410.1,1350.8,1394.3,216343
05/27/2020,1394.8,1442.8,1377.4,1436.4,246632
05/28/2020,1437,1453.1,1393.9,1407.2,249910
05/29/2020,1405.6,1409.1,1368.2,1392.8,241820
06/01/2020,1390,1421.1,1372.1,1404.5,165278
06/02/2020,1404.9,1422.7,1388.7,1417.2,169605
06/03/2020,1418.1,1465.2,1415.6,1448.8,193425
06/04/2020,1451,1461,1427.3,1452.4,196562
06/05/2020,1454.1,1527.8,1448.9,1502.7,269144
06/08/2020,1506,1539.4,1501,1537,184276
06/09/2020,1539.1,1540.4,1495.2,1508.1,211086
06/10/2020,1507,1525.8,1460.6,1466.2,232136
06/11/2020,1461.3,1461.3,1347.4,1353.7,77630
06/12/2020,1355.6,1411.5,1341.8,1379.2,309601
06/15/2020,1355.7,1425.5,1314.5,1418.2,389786
06/16/2020,1422,1481.6,1415.2,1451.3,291721
06/17/2020,1447.1,1470.9,1418.8,1424.7,200146
06/18/2020,1423.2,1439.1,1399.8,1417.7,171423
06/19/2020,1417.5,1451.2,1400.5,1401.9,191297
06/22/2020,1392.8,1435.6,1383.4,1433.8,142904
06/23/2020,1434.4,1459.5,1400.1,1434.2,143538
06/24/2020,1432.9,1441.7,1368.1,1396.4,217238
06/25/2020,1394.7,1413.4,1363.6,1409.8,201411
06/26/2020,1407.7,1412.7,1369.5,1375.2,234609
06/29/2020,1362.2,1425.5,1359.6,1423.2,238910
06/30/2020,1422.4,1441.7,1406.5,1437.6,197062
07/01/2020,1436,1450.8,1415.1,1424.3,223030
07/02/2020,1423.7,1458.5,1417.8,1432.7,172430
07/06/2020,1432.2,1466.4,1412.8,1442.7,170934
07/07/2020,1442,1450,1409.4,1410.9,167547
07/08/2020,1410.7,1429.6,1395.2,1423,191665
07/09/2020,1427.1,1428.1,1376.1,1394,213721
07/10/2020,1394.2,1423.8,1373.6,1419.6,176579
07/13/2020,1423,1451.3,1396.6,1400.5,203132
07/14/2020,1404,1424.6,1390.3,1419.4,245424
07/15/2020,1432.2,1483.1,1431.6,1476.7,275453
07/16/2020,1479.8,1485.5,1453.8,1459.9,175496
07/17/2020,1464.2,1481.6,1459.5,1469.2,146337
07/20/2020,1469,1473.5,1453.7,1463.7,141513
07/21/2020,1462.4,1496.6,1462.3,1485.6,176438
07/22/2020,1484.4,1494.3,1465.1,1490.2,139692
07/23/2020,1490.1,1507.5,1472.1,1487.2,171950
07/24/2020,1488,1494.7,1460.3,1462.4,163615
07/27/2020,1466.4,1483,1456.2,1481.1,118401
07/28/2020,1483,1488.3,1464.8,1467.4,122059
07/29/2020,1470,1499.7,1463,1496.7,137444
07/30/2020,1497.9,1498.9,1468.2,1490.6,170948
07/31/2020,1495.8,1498.1,1451.1,1477.8,230627
08/03/2020,1479.2,1504.8,1467.8,1502.2,145531
08/04/2020,1502.5,1514.8,1493.7,1514,146838
08/05/2020,1513.6,1544.5,1509.3,1542.1,163117
08/06/2020,1542,1552.6,1534,1544.5,152803
08/07/2020,1544.3,1569,1531.3,1566.2,183841
08/10/2020,1568.6,1594.1,1561.5,1583.9,166548
08/11/2020,1582.3,1605.7,1567.4,1577.3,215698
08/12/2020,1582.6,1596.9,1570.9,1579.7,168131
08/13/2020,1579.7,1591.4,1572.4,1578.5,125703
08/14/2020,1578.3,1587.5,1560.9,1573.2,104491
08/17/2020,1575.2,1586.5,1572,1583.9,76811
08/18/2020,1583,1589.6,1563.1,1569.3,97438
08/19/2020,1569.7,1586.5,1566,1569.5,113080
08/20/2020,1568.1,1570.8,1551.3,1560.3,120160
08/21/2020,1561.3,1569.1,1541.3,1548.6,129229
08/24/2020,1552.6,1568.7,1548.6,1566.5,110594
08/25/2020,1567.5,1583.9,1553.4,1569.6,127587
08/26/2020,1570,1573.7,1557.2,1562.4,109201
08/27/2020,1563,1575.4,1551.7,1566.1,137609
08/28/2020,1568.4,1584.6,1562.6,1575.7,112601
08/31/2020,1576.9,1589.8,1558.1,1561.3,160957
09/01/2020,1560.3,1580.9,1549.8,1578.5,137745
09/02/2020,1579.2,1595.7,1567.2,1592.5,144353
09/03/2020,1591,1595.4,1534.7,1549.5,265159
09/04/2020,1548.8,1570.5,1498.1,1531.4,242493
09/08/2020,1532.9,1553.4,1495.3,1507.7,256962
09/09/2020,1495.4,1533.4,1479.6,1524.2,186796
09/10/2020,1521.1,1540.4,1500.9,1502.4,62849
09/11/2020,1506.2,1519.5,1477.7,1489.3,258550
09/14/2020,1495.8,1535.8,1494.9,1532.3,296206
09/15/2020,1530.4,1549.1,1529.4,1536.2,226446
09/16/2020,1536.5,1569.6,1532.7,1550.7,171286
09/17/2020,1550.9,1554.1,1517.9,1537.7,191577
09/18/2020,1536.4,1553.1,1511.5,1535.6,185928
09/21/2020,1534.8,1538.5,1462.9,1482.8,238670
09/22/2020,1479.6,1493.4,1465.6,1488.8,153103
09/23/2020,1489.8,1500.2,1444.7,1446.7,170424
09/24/2020,1447.5,1470.9,1426.2,1447,239509
09/25/2020,1450.3,1474.2,1428.9,1467.2,156852
09/28/2020,1468.5,1510.9,1468.5,1506.5,154283
09/29/2020,1507.1,1513.9,1486.2,1507,139445
09/30/2020,1504.2,1526.9,1485.8,1504.4,208840
10/01/2020,1499.3,1530.3,1499.3,1527.4,186383
10/02/2020,1526.3,1542.4,1490.7,1534,206303
10/05/2020,1544.8,1579.9,1536.9,1576.1,146780
10/06/2020,1576,1617.7,1563.1,1574.2,281945
10/07/2020,1568.2,1613.4,1564.1,1609.8,193664
10/08/2020,1610.3,1633.7,1609.6,1626.7,166525
10/09/2020,1632.5,1644.6,1625.7,1637.7,176335
10/12/2020,1636.3,1651.7,1630.6,1650.8,160053
10/13/2020,1649.5,1650.5,1622.6,1634.6,170845
10/14/2020,1633.2,1647.1,1616.3,1619.5,164696
10/15/2020,1620.6,1639.9,1595.5,1635.4,184127
10/16/2020,1638,1648.4,1626.8,1627.1,131429
10/19/2020,1630.6,1648.4,1607.6,1611.3,137486
10/20/2020,1619.4,1632.3,1604.7,1614.8,144404
10/21/2020,1615.3,1628.6,1600.2,1603.1,152917
10/22/2020,1603,1634.1,1587.7,1630.6,155884
10/23/2020,1634.5,1641.7,1620.2,1635.6,114308
10/26/2020,1634.7,1634.7,1580.9,1602.1,157361
10/27/2020,1601.1,1611.6,1577.2,1589,143850
10/28/2020,1577.6,1579.4,1537.2,1539.2,212359
10/29/2020,1544.4,1565,1523,1558.4,182327
10/30/2020,1542.6,1559.8,1520.3,1536.8,211751
11/02/2020,1537,1568.2,1526,1564.7,162027
11/03/2020,1565.1,1620.1,1564.4,1611,170266
11/04/2020,1616,1640.4,1546.9,1611.6,282145
11/05/2020,1617.4,1663.6,1597.9,1658.5,184572
11/06/2020,1658.8,1669,1637.2,1643.1,155029
11/09/2020,1651.8,1815.3,1648.3,1703.1,277769
11/10/2020,1706.4,1750,1693.1,1734.2,211066
11/11/2020,1735.8,1747.8,1717.1,1735.2,137312
11/12/2020,1739.4,1739.4,1691.4,1707.4,181033
11/13/2020,1707.3,1750,1693.2,1743.7,160748
11/16/2020,1747,1793.6,1745.1,1783.9,191285
11/17/2020,1784,1796.9,1751.2,1792.4,163796
11/18/2020,1788.5,1807.4,1762.7,1768.3,167024
11/19/2020,1765.4,1784.5,1753.8,1783,150117
11/20/2020,1770,1788.1,1757.3,1783.3,125380
11/23/2020,1778.5,1828.8,1776.6,1817.1,139532
11/24/2020,1820.1,1863.5,1819.8,1851.5,176097
11/25/2020,1853.3,1863.6,1828.1,1844.6,129363
11/27/2020,1848.3,1856.2,1829.3,1853,83377
11/30/2020,1855.2,1859,1811.8,1820.1,186855
12/01/2020,1825.2,1850.8,1824,1835.5,171007
12/02/2020,1834.8,1843.7,1816.2,1837.5,136756
12/03/2020,1842.3,1860.8,1830.3,1847.2,133380
12/04/2020,1850.3,1893.6,1848.1,1891.3,129767
12/07/2020,1892.8,1899.4,1875.3,1892.1,118057
12/08/2020,1886.6,1919.5,1875.4,1916.8,143738
12/09/2020,1919.6,1937.1,1888.3,1903.5,217910
12/10/2020,1903.5,1923.8,1879.7,1919.7,89478
12/11/2020,1923,1927.9,1890.3,1910.1,239076
12/14/2020,1919.2,1944.6,1912.7,1914.5,295111
12/15/2020,1916.9,1963.8,1911.1,1959.8,252539
12/16/2020,1962.4,1974.7,1943.1,1953.4,198588
12/17/2020,1955,1979.4,1953.5,1976.2,172855
12/18/2020,1975.2,1990.4,1959.6,1965.6,186340
12/21/2020,1990,1992.2,1878.1,1966.1,239782
12/22/2020,1964.1,1989,1944.9,1985,151660
12/23/2020,1982.9,2008.4,1965.7,2002.9,127209
12/24/2020,2004.8,2015.7,1992.7,2002.8,50997
12/28/2020,1997,2032.3,1991,1995,145358
12/29/2020,1996.5,2006.7,1946.6,1955.5,163400
12/30/2020,1957.1,1987.4,1949.7,1976.5,122677
12/31/2020,1976.1,1980.3,1958,1974.8,144363
01/04/2021,1977.9,1997.6,1920.5,1945.5,226233
01/05/2021,1948.3,1988,1932.9,1976.3,151399
01/06/2021,1978.6,2081.4,1971,2059.3,341236
01/07/2021,2061.4,2098.2,2050.2,2094.5,161588
01/08/2021,2095.5,2112.5,2058.8,2089.5,185871
01/11/2021,2086.2,2094.7,2055,2089.1,154431
01/12/2021,2090.4,2127.1,2088.4,2125.8,146164
01/13/2021,2122.9,2132.7,2104.8,2110.7,155937
01/14/2021,2115,2163.7,2111.3,2153.6,185059
01/15/2021,2154.7,2158.8,2095.2,2120.8,228298
01/19/2021,2115.6,2150.8,2107.7,2147.3,179540
01/20/2021,2144.7,2173.2,2136,2157.7,193781
01/21/2021,2152,2166.1,2132.2,2138.5,162843
01/22/2021,2138.8,2166.3,2112.7,2164,189385
01/25/2021,2159.4,2192.4,2128.4,2161,252945
01/26/2021,2160.3,2179.8,2131.2,2145.8,190626
01/27/2021,2135.1,2150.6,2084.5,2104.3,269649
01/28/2021,2101.7,2139.3,2075,2099.8,232102
01/29/2021,2095.5,2122.2,2060.2,2068.2,240857
02/01/2021,2060.8,2127.7,2028.6,2119.4,159725
02/02/2021,2119.8,2152.7,2113.8,2147.5,148735
02/03/2021,2147.5,2159.6,2127.7,2154.8,151573
02/04/2021,2159.3,2205.8,2147.2,2199.4,152239
02/05/2021,2201.6,2234.2,2197.8,2230.3,180973
02/08/2021,2234,2290.3,2230.8,2285.8,165994
02/09/2021,2291.3,2309.8,2276.4,2297.1,171580
02/10/2021,2299,2316.9,2262.9,2281,226913
02/11/2021,2282.8,2303.7,2247.6,2281.2,216728
02/12/2021,2273.5,2294.4,2259.5,2286.4,143383
02/16/2021,2295.1,2314.1,2261,2270.8,194239
02/17/2021,2270.7,2273.5,2222.5,2255,186571
02/18/2021,2256.1,2262.3,2207,2217.7,178982
02/19/2021,2221.1,2276.7,2204.1,2265.3,184369
02/22/2021,2264.9,2279.4,2233.6,2250.1,185473
02/23/2021,2255,2268.4,2168.8,2231.2,261206
02/24/2021,2232.3,2295.5,2218.3,2285.1,197920
02/25/2021,2292.1,2302.7,2191.9,2200,274663
02/26/2021,2196,2235.8,2160.1,2199.2,289130
03/01/2021,2203.7,2280.8,2196.5,2274.8,178598
03/02/2021,2279.9,2281.5,2227.1,2229.1,182382
03/03/2021,2232.3,2266.8,2201.5,2205.8,223310
03/04/2021,2205.4,2220,2106.3,2144.5,308094
03/05/2021,2148,2194.7,2084.4,2189.7,333905
03/08/2021,2201,2235.8,2161,2200.8,221028
03/09/2021,2211.5,2263.6,2202.5,2245.7,174541
03/10/2021,2247.4,2303.7,2234.6,2285.4,192094
03/11/2021,2290.8,2334.8,2280,2332,68280
03/12/2021,2335.1,2353.6,2325,2348.9,172837
03/15/2021,2354.6,2366,2330.3,2355.8,310656
03/16/2021,2354,2354,2302.1,2316.7,275401
03/17/2021,2317.6,2339.1,2284.3,2334.4,186585
03/18/2021,2331,2342.2,2256.3,2261.9,200676
03/19/2021,2266.8,2296,2238.8,2279.1,201370
03/22/2021,2278,2290.9,2250.2,2261.3,147238
03/23/2021,2264.5,2269.5,2168.9,2180.4,219041
03/24/2021,2185.5,2223,2128.1,2130.2,234457
03/25/2021,2137.1,2187.9,2092.7,2178.2,294356
03/26/2021,2182.3,2223,2172.3,2218.5,223011
03/29/2021,2220.5,2222.6,2153.2,2155.4,216725
03/30/2021,2162.4,2199.8,2143.5,2192.4,210348
03/31/2021,2195.8,2237.5,2188.9,2222.5,212713
04/01/2021,2215.5,2257.5,2212.2,2251.9,158437
04/02/2021,2259.8,2306.4,2251.9,2251.9,0
04/05/2021,2293,2298.3,2249.1,2263.1,141257
04/06/2021,2265.4,2280.9,2244.9,2256,140967
04/07/2021,2261.5,2264.3,2212.1,2219.2,164230
04/08/2021,2225.8,2246.7,2206.7,2239.2,153766
04/09/2021,2246.9,2253.3,2225.4,2239.2,143672
04/12/2021,2239.2,2242.6,2217,2230.6,128340
04/13/2021,2230.1,2239.6,2201.5,2224.9,171265
04/14/2021,2228.2,2273.5,2220.5,2245,202720
04/15/2021,2249.4,2271.7,2235.8,2255.7,158458
04/16/2021,2255.9,2270.4,2243.3,2259,148578
04/19/2021,2255.2,2256,2211.9,2229.3,183883
04/20/2021,2229.3,2235.7,2164.6,2184,231804
04/21/2021,2184.2,2239.2,2167.1,2238.4,206418
04/22/2021,2231.6,2266.5,2220.2,2228.3,225957
04/23/2021,2234.6,2279.9,2232.6,2269.5,182550
04/26/2021,2270,2300.4,2267.5,2293.2,137277
04/27/2021,2296.9,2307.2,2288.1,2297.2,148011
04/28/2021,2298,2308.6,2281.7,2300.9,125963
04/29/2021,2295.5,2322.7,2270.9,2293.4,190543
04/30/2021,2288.8,2291.8,2254.2,2261.5,192375
05/03/2021,2267.7,2291,2262.2,2273.7,144376
05/04/2021,2271.5,2272.3,2222.3,2244.5,206072
05/05/2021,2246,2261.1,2226.3,2236.6,167417
05/06/2021,2235.4,2249.6,2198.8,2239.9,185029
05/07/2021,2241.8,2272.7,2229.1,2267.9,162359
05/10/2021,2268.1,2277.7,2200.1,2209.6,182600
05/11/2021,2202,2216.6,2152.1,2203.3,259406
05/12/2021,2199,2207.9,2124.2,2131.5,253595
05/13/2021,2126.5,2186.7,2112.6,2168.6,252768
05/14/2021,2171.9,2227.6,2169.2,2222.7,182809
05/17/2021,2222.4,2229.4,2191,2225.5,165852
05/18/2021,2227.8,2245.1,2201.4,2207.9,172402
05/19/2021,2200.6,2210.3,2152.3,2192.2,197951
05/20/2021,2191.8,2211.2,2170.2,2205.7,156500
05/21/2021,2202.9,2236.3,2202.2,2212.3,127870
05/24/2021,2210.2,2237.4,2200.5,2226.1,123164
05/25/2021,2227.2,2250.2,2204.6,2205.5,140731
05/26/2021,2210.4,2249.8,2208.8,2247.1,139276
05/27/2021,2247.5,2279.1,2239.3,2271,160567
05/28/2021,2279.2,2286.7,2263.5,2268.6,134192
06/01/2021,2269.3,2298.7,2256.5,2293.9,170148
06/02/2021,2295.1,2304.6,2281.2,2297,177113
06/03/2021,2298,2303.3,2252.7,2277.2,200157
06/04/2021,2279.1,2293.5,2266.1,2286.7,118340
06/07/2021,2285.6,2320.5,2270.1,2317.4,135705
06/08/2021,2319,2347.8,2308.7,2341.7,178811
06/09/2021,2340.6,2350.3,2322.5,2326,139562
06/10/2021,2324.3,2334.8,2300.4,2305.9,52544
06/11/2021,2306.7,2331.1,2302.4,2330.5,181390
06/14/2021,2332.4,2346.9,2314.7,2323.6,262484
06/15/2021,2322.4,2329.7,2297.7,2315.7,219088
06/16/2021,2316.5,2319.2,2287.9,2310.1,181703
06/17/2021,2302.4,2314.3,2256.4,2284.5,215215
06/18/2021,2286.8,2289.5,2222.1,2230.6,240088
06/21/2021,2223.6,2287.3,2206.2,2280.9,169819
06/22/2021,2282.9,2296.2,2258.8,2292.5,124757
06/23/2021,2292.7,2312.2,2283.9,2300.3,122883
06/24/2021,2302,2337.9,2301.2,2331.2,110613
06/25/2021,2336.8,2346.7,2325.8,2332,153152
06/28/2021,2336.7,2338.6,2299.4,2316.2,137874
06/29/2021,2317.6,2328.8,2299.3,2304.6,109224
06/30/2021,2305.3,2314.8,2284.7,2307.8,134813
07/01/2021,2311,2330.6,2308.6,2327,136378
07/02/2021,2324.4,2335.9,2297.1,2302,128860
07/06/2021,2304.5,2311.8,2249.9,2269.9,154430
07/07/2021,2264.7,2278.5,2229.1,2248.8,164147
07/08/2021,2252.6,2253.2,2188.9,2227.3,217596
07/09/2021,2224.2,2278.7,2214.1,2275.4,145396
07/12/2021,2275.4,2283.4,2252.9,2277.3,112416
07/13/2021,2277.3,2278.4,2233.1,2234.2,151027
07/14/2021,2234.7,2254.9,2196.3,2199.3,176902
07/15/2021,2199,2201.3,2159.3,2186.8,224386
07/16/2021,2185,2211.3,2154.8,2158.9,183829
07/19/2021,2156.2,2161.2,2100.1,2126.9,310075
07/20/2021,2136.1,2202.4,2122,2192,252823
07/21/2021,2191.5,2235,2184.8,2231.3,187298
07/22/2021,2234.4,2240.8,2186,2194.8,187841
07/23/2021,2203.3,2214.1,2179.3,2205.1,153300
07/26/2021,2200.5,2231.8,2176.1,2213.4,148017
07/27/2021,2212.5,2213.1,2164.1,2186.7,185690
07/28/2021,2183.5,2237.6,2179.8,2220.7,182158
07/29/2021,2223.6,2255.7,2215.7,2237.5,157895
07/30/2021,2238,2252.2,2213.4,2221.6,164339
08/02/2021,2226.5,2257,2207.5,2210.9,175613
08/03/2021,2212.9,2228.9,2181.7,2219.4,173203
08/04/2021,2215,2223.2,2188.6,2191.7,156662
08/05/2021,2190.9,2235.8,2187.3,2232.7,142347
08/06/2021,2231.5,2263.8,2227,2245.9,139643
08/09/2021,2245.6,2245.6,2223.4,2232.7,106742
08/10/2021,2235.8,2243.6,2223.4,2237.8,117886
08/11/2021,2237.3,2250,2215.9,2248.7,148546
08/12/2021,2248.9,2252.7,2228.6,2242.5,132433
08/13/2021,2242.9,2244.8,2218.3,2222.2,112074
08/16/2021,2217,2221.1,2187.8,2201.4,163957
08/17/2021,2201,2202.1,2148.1,2174.4,249476
08/18/2021,2171.6,2191.3,2143.6,2155,202092
08/19/2021,2148.8,2158.7,2108.7,2129.1,276696
08/20/2021,2130.9,2170.6,2109.8,2165.3,194489
08/23/2021,2164.1,2210,2163,2206.6,157773
08/24/2021,2209,2231.1,2207.6,2228.1,142604
08/25/2021,2230,2251,2219.5,2237.3,154027
08/26/2021,2238.1,2242.8,2208.8,2213.9,180074
08/27/2021,2213.8,2282.1,2206.4,2275.3,198269
08/30/2021,2280,2287.5,2261.5,2266.6,153822
08/31/2021,2268.6,2278.1,2254.9,2271.2,169547
09/01/2021,2275.2,2294.3,2260.2,2286.6,160587
09/02/2021,2285.9,2310.1,2280.3,2301.1,143779
09/03/2021,2303,2312.4,2283.7,2290.9,142095
09/07/2021,2289.5,2302,2273.1,2275.4,165273
09/08/2021,2274.3,2280.4,2237.8,2250.1,200656
09/09/2021,2245,2268.9,2220.5,2246,66806
09/10/2021,2245.9,2266,2221.5,2222.7,216867
09/13/2021,2225,2244.4,2208.7,2236.1,300121
09/14/2021,2238.4,2253.2,2196.1,2205.5,268657
09/15/2021,2205.6,2233.3,2199.4,2229.8,192091
09/16/2021,2229.3,2239.4,2208,2227.9,158331
09/17/2021,2226.9,2235.7,2212,2228.3,226154
09/20/2021,2223.1,2227.4,2146.9,2176.8,308079
09/21/2021,2172.7,2208.8,2163,2180.9,205935
09/22/2021,2176.7,2231.5,2167.4,2214.9,205646
09/23/2021,2215.2,2262.9,2214.2,2255.2,183537
09/24/2021,2255.6,2263.9,2231.4,2244,149432
09/27/2021,2245.9,2290.8,2241.9,2277,182438
09/28/2021,2277.1,2287.7,2221.5,2226,257847
09/29/2021,2228.2,2246.5,2214.8,2221.9,208176
09/30/2021,2228,2251.4,2197.7,2200.8,272406
10/01/2021,2201,2248.8,2171.3,2235.6,244410
10/04/2021,2239.4,2245.3,2201.5,2214.8,239675
10/05/2021,2216.9,2244.1,2199.8,2223.5,173765
10/06/2021,2223.2,2226.1,2180.2,2212.2,280906
10/07/2021,2213.7,2263.3,2213.4,2247,172972
10/08/2021,2246,2257.2,2226.8,2229.1,150802
10/11/2021,2230.1,2249.2,2209.5,2216.5,128457
10/12/2021,2214.4,2238.1,2193.6,2229.3,154588
10/13/2021,2224.1,2241.7,2211,2238.5,169229
10/14/2021,2238.9,2276.3,2238.6,2272.1,130987
10/15/2021,2274.6,2298.2,2262.6,2265,154246
10/18/2021,2266,2270.6,2247.7,2264.7,141240
10/19/2021,2262.7,2285.7,2258.9,2272.8,123137
10/20/2021,2273.9,2294.1,2264.9,2287.5,132699
10/21/2021,2286.3,2304.5,2274.7,2294.1,147010
10/22/2021,2294.9,2305.3,2270.8,2288.8,163377
10/25/2021,2284.7,2314.6,2279.5,2310.3,143744
10/26/2021,2310.7,2321.9,2290.2,2293.9,177171
10/27/2021,2293.3,2296.5,2248.8,2249.5,192455
10/28/2021,2254,2302.9,2249.5,2295.1,165467
10/29/2021,2299.9,2302.7,2283.8,2295.3,136564
11/01/2021,2301.8,2356.8,2299,2354.3,204613
11/02/2021,2356,2364.6,2341.4,2359.4,178334
11/03/2021,2360.1,2413.7,2354.1,2401.1,224964
11/04/2021,2403,2424.8,2390.9,2400.8,185300
11/05/2021,2402,2450.3,2399.2,2434.3,232560
11/08/2021,2427,2460.8,2426.7,2441.8,169964
11/09/2021,2436.3,2442,2410.9,2426.8,174288
11/10/2021,2424,2431.4,2378.4,2389.3,188199
11/11/2021,2390.2,2419.7,2384.2,2408.1,131687
11/12/2021,2407.8,2418.5,2402.8,2410.3,111284
11/15/2021,2413.1,2427.5,2390.8,2401,142334
11/16/2021,2400.9,2409.1,2384.7,2404.8,138380
11/17/2021,2402.9,2405.3,2366.4,2374.2,152834
11/18/2021,2371.6,2386.3,2345.3,2364.2,186525
11/19/2021,2363.9,2377.4,2328.5,2342.7,205457
11/22/2021,2346.1,2372.9,2326.2,2332.2,221701
11/23/2021,2336.3,2344.9,2300.9,2329.3,220497
11/24/2021,2328.4,2334.9,2300.3,2331,163060
11/26/2021,2332.2,2345.4,2206.3,2243.3,317265
11/29/2021,2231.1,2282.3,2226,2240.2,337608
11/30/2021,2244.7,2258.3,2171.8,2197.3,410588
12/01/2021,2213.8,2255.9,2136.8,2146.3,373963
12/02/2021,2146,2213.1,2143.5,2205.2,332772
12/03/2021,2214.7,2222.5,2139.2,2159.3,317977
12/06/2021,2166.4,2220.4,2149.8,2203.6,250218
12/07/2021,2207.9,2274.3,2201.7,2253.9,217576
12/08/2021,2262.1,2279.9,2243.9,2269.8,200531
12/09/2021,2267.4,2270.6,2211.9,2215.4,93244
12/10/2021,2213.4,2241.2,2192.8,2209.4,253262
12/13/2021,2207.2,2224.5,2163.3,2176.5,365130
12/14/2021,2180.6,2191.6,2148.5,2157.5,333136
12/15/2021,2160.3,2199,2127,2195,324636
12/16/2021,2196.8,2225,2137.9,2149,291041
12/17/2021,2152.6,2189.7,2119,2167.6,319371
12/20/2021,2169,2173.6,2102.3,2135.9,292340
12/21/2021,2139.8,2204.6,2135,2199.7,206131
12/22/2021,2203,2223.5,2187.5,2219.3,178647
12/23/2021,2220.9,2245,2220.1,2236.9,135494
12/27/2021,2238,2260.3,2222.7,2259.6,130970
12/28/2021,2259.1,2275.2,2240.8,2243.8,145387
12/29/2021,2247.1,2252.6,2229.8,2247.8,132269
12/30/2021,2244.4,2272.3,2237.6,2246.9,122020
12/31/2021,2245.9,2258.8,2231.4,2242.8,130890
01/03/2022,2247.6,2284.4,2244.2,2269.4,222614
01/04/2022,2268.9,2288.6,2250.8,2266.5,182380
01/05/2022,2267.2,2276.4,2187.5,2190.6,248172
01/06/2022,2189.3,2220.5,2173.7,2202.7,267822
01/07/2022,2207.7,2219.8,2173.2,2175.9,211520
01/10/2022,2172.8,2184.1,2125.9,2168,310296
01/11/2022,2168.5,2194,2144.5,2190.4,200103
01/12/2022,2190.2,2209.3,2161.3,2173.1,203930
01/13/2022,2176.5,2197.5,2148.8,2155.5,225874
01/14/2022,2157,2163.3,2120.2,2157.7,243332
01/18/2022,2162.3,2168.6,2089.3,2092.1,305851
01/19/2022,2095.9,2108.4,2054.2,2059.2,300309
01/20/2022,2060.4,2104.3,2010.6,2021.2,296537
01/21/2022,2020,2044.2,1982,1985.4,446190
01/24/2022,1986.6,2038,1925.2,2031.7,528648
01/25/2022,2033.3,2036,1958.9,2001.3,353264
01/26/2022,1989.3,2049.9,1949.7,1972.7,372656
01/27/2022,1971.4,2009.6,1918.5,1928.3,336345
01/28/2022,1936.2,1966.5,1892.4,1965.6,344648
01/31/2022,1960.8,2025.6,1937.8,2024.4,268330
02/01/2022,2015,2049.2,1992.7,2045.9,259989
02/02/2022,2041.1,2058.4,2005.7,2025,245740
02/03/2022,2025,2025.6,1983,1986.4,258203
02/04/2022,1998.4,2014.1,1956.8,1996.9,228646
02/07/2022,1996.6,2024.3,1980,2007.3,185338
02/08/2022,2010.5,2044.5,2002.5,2040.8,168056
02/09/2022,2042,2080,2041.6,2079.1,182679
02/10/2022,2079.4,2103.9,2034.3,2048.5,332749
02/11/2022,2045.5,2074.2,2009.9,2025.7,245811
02/14/2022,2028.3,2048.2,2000.5,2019.4,242885
02/15/2022,2017.4,2076.6,2011.2,2074,182977
02/16/2022,2072.6,2086.2,2053.8,2077.5,158623
02/17/2022,2073.1,2079.6,2020.8,2025.5,183474
02/18/2022,2028,2049.2,2000.4,2006.6,194777
02/22/2022,1997.6,2025.9,1959.8,1979.2,296786
02/23/2022,1987.1,2008.4,1937.2,1941.1,226506
02/24/2022,1941.2,1997.4,1883.1,1993.5,349511
02/25/2022,1984.2,2040.6,1966,2039,231214
02/28/2022,2012.4,2059.2,1971.7,2044.5,340324
03/01/2022,2044.5,2064.7,1990.4,2006.7,245547
03/02/2022,2009.7,2066.1,1991.3,2056.1,217026
03/03/2022,2051.2,2071.3,2015.4,2030.6,179884
03/04/2022,2032.5,2036.4,1981.7,1999.8,207049
03/07/2022,1985,2011.3,1943.3,1950.5,236105
03/08/2022,1946.6,2008.1,1922.6,1960.3,292627
03/09/2022,1951.4,2023.1,1951,2014.3,203898
03/10/2022,2010.6,2011.5,1974.1,2007.7,73794
03/11/2022,2008.4,2044.9,1973,1974.3,264035
03/14/2022,1980,2002.1,1926.2,1936.7,421922
03/15/2022,1940.1,1967.3,1911.8,1964.7,305330
03/16/2022,1961.7,2038.1,1958.1,2028.3,299569
03/17/2022,2034.9,2062.7,2012.6,2060.3,193385
03/18/2022,2052.7,2086.9,2041.2,2080.2,183091
03/21/2022,2082.1,2090.4,2047.9,2062.8,180248
03/22/2022,2065.3,2097,2053.1,2082.3,164205
03/23/2022,2083.4,2088.4,2044.2,2047.4,163386
03/24/2022,2047.1,2074.4,2039.8,2070.8,143350
03/25/2022,2072.6,2079.9,2057.6,2075.2,140709
03/28/2022,2075.5,2077.7,2043,2074.8,155784
03/29/2022,2074.9,2137.1,2071.4,2131.3,203862
03/30/2022,2128.2,2131.7,2079.1,2088.5,216984
03/31/2022,2089.6,2102.6,2062.8,2066.4,216810
04/01/2022,2068.5,2089.9,2062.9,2088.3,185173
04/04/2022,2088.5,2097,2072,2094.6,142362
04/05/2022,2094.1,2107.9,2037.8,2042.9,204213
04/06/2022,2045,2049.6,1999.5,2014.1,273733
04/07/2022,2013.1,2026,1978.8,2006,230341
04/08/2022,2004.1,2015.9,1987.1,1991.1,163486
04/11/2022,1994.2,2005.4,1971.3,1977.5,200569
04/12/2022,1978.8,2030.3,1966.6,1984.8,210323
04/13/2022,1987.2,2027.7,1984.9,2022.4,144832
04/14/2022,2020.1,2036.7,1999.8,2001.5,151457
04/18/2022,2001,2004.5,1977.7,1987.7,132198
04/19/2022,1994.5,2035.5,1981.2,2028.5,171187
04/20/2022,2026.8,2051.8,2022.9,2036.7,161237
04/21/2022,2040,2060.9,1982.3,1988.9,213501
04/22/2022,1986.1,1991.7,1927.8,1938.7,229922
04/25/2022,1931.5,1953,1903.5,1950.6,260518
04/26/2022,1950.3,1957.6,1879.3,1889.2,278955
04/27/2022,1879.7,1909.3,1873.7,1881.1,271029
04/28/2022,1890.8,1925.8,1857.8,1914.9,251177
04/29/2022,1905.9,1928.8,1855.7,1861.3,256719
05/02/2022,1868.7,1889.3,1834.5,1879.8,274772
05/03/2022,1876.8,1906.4,1867.5,1895.4,203730
05/04/2022,1896.6,1951.5,1867.8,1947.2,207869
05/05/2022,1943.3,1950.8,1844.1,1868.1,267011
05/06/2022,1873.8,1876.4,1815.3,1836.6,295755
05/09/2022,1821.6,1828,1750.8,1760.4,297897
05/10/2022,1762.3,1799,1721.6,1759.9,300505
05/11/2022,1758.5,1792,1712.3,1715.7,289265
05/12/2022,1723,1752.7,1698.3,1737.5,305234
05/13/2022,1730,1804,1730,1789.5,202827
05/16/2022,1792.6,1804.5,1770.8,1782.4,168166
05/17/2022,1780,1840.2,1780,1837.2,200587
05/18/2022,1839.1,1841.6,1760.3,1772.8,242530
05/19/2022,1772.5,1797.9,1744.5,1774.9,228233
05/20/2022,1777.4,1803.8,1727.3,1772.2,238047
05/23/2022,1776.1,1800.2,1764.6,1791.8,178649
05/24/2022,1791.9,1791.9,1732.3,1764.4,222675
05/25/2022,1769.2,1807.7,1753.4,1796.8,211052
05/26/2022,1797.1,1847.8,1792.6,1836.3,178919
05/27/2022,1834.7,1893.4,1830.6,1885.8,165024
05/31/2022,1891.1,1908.3,1850.6,1861.9,266944
06/01/2022,1864.5,1879.3,1827.5,1853,241244
06/02/2022,1851.6,1898.3,1844.4,1896.9,183476
06/03/2022,1896.9,1902.7,1867.7,1881.3,172122
06/06/2022,1881.7,1905.7,1878,1888.7,168764
06/07/2022,1889.7,1919.6,1868.1,1918.6,172056
06/08/2022,1914.1,1919.1,1880.2,1889.5,182645
06/09/2022,1891.6,1905.6,1848.7,1850.6,65507
06/10/2022,1852.2,1856.8,1790.3,1800.6,305823
06/13/2022,1795.6,1795.6,1706,1715.7,517526
06/14/2022,1718.5,1741,1690.4,1708.3,369547
06/15/2022,1708.7,1755,1699.7,1732.4,290815
06/16/2022,1733.5,1752.8,1640.7,1651.9,348817
06/17/2022,1656.5,1688.1,1649.8,1665.1,259350
06/21/2022,1672,1713.8,1657.3,1693.4,218285
06/22/2022,1694.4,1705.5,1658.8,1691.4,226547
06/23/2022,1690,1715.2,1676.5,1711.8,205433
06/24/2022,1703.5,1765,1701.8,1761.7,236722
06/27/2022,1763.5,1783.7,1751.5,1769.8,216065
06/28/2022,1773.3,1795.1,1736.9,1738.3,169990
06/29/2022,1739.6,1746.7,1702.9,1721.4,175357
06/30/2022,1723.7,1726.2,1680.6,1708,224019
07/01/2022,1701.4,1732.2,1680.4,1728.5,206668
07/05/2022,1727.5,1742.8,1680.2,1741.7,202324
07/06/2022,1741.5,1750.5,1710.6,1728.6,186369
07/07/2022,1731.5,1773.5,1721.5,1770.2,156402
07/08/2022,1766,1783.6,1749.6,1769.4,168532
07/11/2022,1769.7,1769.7,1728.7,1732.8,176777
07/12/2022,1735.8,1747.1,1716.2,1728.7,171411
07/13/2022,1730.4,1755,1699,1727.4,218729
07/14/2022,1722.5,1727.4,1682.3,1709.4,206701
07/15/2022,1710.8,1747.2,1702.6,1744.5,202036
07/18/2022,1749.9,1776.3,1733.5,1738.8,163946
07/19/2022,1742.5,1803.8,1740,1800.8,191555
07/20/2022,1800.8,1831.2,1790.8,1828.4,192469
07/21/2022,1821.7,1838.9,1800.9,1837.7,174071
07/22/2022,1833.4,1845.6,1793.1,1808.4,194594
07/25/2022,1808,1822.7,1797.5,1817.4,155351
07/26/2022,1813.3,1819.4,1798.5,1805.8,147546
07/27/2022,1811.2,1856.2,1806.8,1847.7,158782
07/28/2022,1848.4,1880.7,1830.5,1872.8,162536
07/29/2022,1876.2,1890.7,1863.8,1885.3,153515
08/01/2022,1888,1897.1,1854.8,1885.4,167960
08/02/2022,1883.4,1903.5,1867.5,1883,196250
08/03/2022,1886,1915.2,1879.8,1910.7,199364
08/04/2022,1909,1920.7,1897.5,1907.8,161500
08/05/2022,1908.3,1923.3,1884.7,1921.8,184007
08/08/2022,1921.8,1959.8,1914.3,1941.1,161409
08/09/2022,1943.5,1947.9,1904.1,1914.6,158925
08/10/2022,1915,1972.5,1908.6,1969.5,170833
08/11/2022,1969.1,2008.7,1967.4,1976.3,197304
08/12/2022,1981.1,2017.9,1976.1,2016.9,157064
08/15/2022,2016,2024.9,1995.3,2023.8,147244
08/16/2022,2021.1,2033,2003.1,2023.3,179890
08/17/2022,2025.2,2028.9,1976.5,1989.1,223331
08/18/2022,1991.9,2005.3,1981.4,2001.7,168550
08/19/2022,1999.8,2000.6,1952.9,1959.1,171562
08/22/2022,1955.6,1956,1911.7,1917.5,198373
08/23/2022,1920.4,1940.9,1905.9,1920.6,162161
08/24/2022,1918.5,1944.3,1909.7,1935.2,137295
08/25/2022,1939.6,1965.4,1936.7,1964.9,157810
08/26/2022,1962.6,1973.7,1889.9,1899.3,215231
08/29/2022,1882.7,1900.3,1871.7,1882.7,202300
08/30/2022,1883.4,1901.9,1845.1,1856.3,224367
08/31/2022,1856.2,1872.1,1841.1,1844.6,204816
09/01/2022,1844.3,1845.7,1797.9,1824.2,244721
09/02/2022,1824,1849,1800.2,1809.3,217149
09/06/2022,1810.1,1832.2,1783.6,1792.6,258972
09/07/2022,1791.6,1833.7,1778.7,1830.6,231093
09/08/2022,1828.5,1847.8,1804.5,1845.7,244147
09/09/2022,1846.6,1885,1844.8,1882.9,218687
09/12/2022,1891.6,1918,1885.8,1913.6,453035
09/13/2022,1917.1,1935,1830.3,1837.5,387994
09/14/2022,1838.4,1851.4,1820.1,1845.8,252225
09/15/2022,1848.7,1861.7,1823.1,1831.3,234239
09/16/2022,1825.2,1826.1,1782.9,1803.4,236860
09/19/2022,1802,1824.5,1779.3,1819.9,155474
09/20/2022,1822.4,1830,1780.4,1795.1,174307
09/21/2022,1798.3,1825.6,1760.7,1768.1,240915
09/22/2022,1763.3,1783.5,1720.4,1727.8,247818
09/23/2022,1730.4,1734.2,1662,1686.1,268125
09/26/2022,1683,1710.9,1656.6,1662.5,289775
09/27/2022,1662.5,1697.8,1653.6,1668.4,279805
09/28/2022,1671.8,1731.8,1647.5,1720.8,312199
09/29/2022,1721.2,1724.9,1658.2,1682.1,266908
09/30/2022,1682.9,1715.9,1667.6,1669.8,310763
10/03/2022,1667.2,1723.4,1656.9,1714.9,277754
10/04/2022,1719.1,1782.5,1714.1,1781.5,285936
10/05/2022,1777,1777.7,1734.8,1768,229769
10/06/2022,1769,1781.9,1749,1758.1,219401
10/07/2022,1755.4,1770.8,1698.5,1706.7,231075
10/10/2022,1701.7,1715.5,1685.6,1696.7,201903
10/11/2022,1696.2,1720.8,1667.1,1696.9,248941
10/12/2022,1700.9,1717.6,1673.9,1692.7,219683
10/13/2022,1697,1742.8,1643.8,1734.8,324626
10/14/2022,1734.4,1765,1686.9,1688.3,255710
10/17/2022,1685,1747.9,1685,1742,199073
10/18/2022,1750,1794.4,1746.4,1761.9,263895
10/19/2022,1771.9,1779.7,1712.7,1732.3,250165
10/20/2022,1733,1755.5,1703.7,1709.4,231623
10/21/2022,1713.8,1751.7,1695.3,1746.9,292337
10/24/2022,1752.6,1769.8,1729.5,1754.2,230323
10/25/2022,1753.2,1809.2,1744.9,1800.6,250199
10/26/2022,1799.5,1844.2,1795.2,1809.9,263954
10/27/2022,1815.3,1839.7,1794.8,1810.2,266157
10/28/2022,1808.6,1860.6,1796.7,1851.6,242266
10/31/2022,1852.5,1862.2,1835,1853,209418
11/01/2022,1852.9,1876.4,1848.1,1856.6,214352
11/02/2022,1852.8,1869.6,1789.4,1793.3,265319
11/03/2022,1794,1799.7,1758.3,1782.7,227003
11/04/2022,1781.5,1817.2,1771.8,1804.7,245766
11/07/2022,1791.8,1824,1785.5,1813.9,168500
11/08/2022,1812.6,1837.7,1790.9,1813.2,198083
11/09/2022,1812.6,1818.6,1759,1763.4,194363
11/10/2022,1764.5,1877.4,1763.6,1870.4,267493
11/11/2022,1877.8,1906.1,1869.9,1886.8,223572
11/14/2022,1881.1,1895.4,1863.4,1866,189560
11/15/2022,1871.3,1913.3,1869.4,1893.4,231813
11/16/2022,1889.8,1903,1853.5,1857.9,188258
11/17/2022,1861.9,1867.1,1820.6,1842.6,178212
11/18/2022,1844.1,1869,1836.3,1853.2,160558
11/21/2022,1853.1,1857.9,1829.8,1843.2,124042
11/22/2022,1842.5,1865.4,1837.3,1863.8,136678
11/23/2022,1863.8,1873.1,1850.3,1866.4,156991
11/25/2022,1869.1,1878.8,1861.3,1870.2,77886
11/28/2022,1867,1867,1827.1,1832.8,168217
11/29/2022,1834.7,1850.5,1832.5,1837.8,147074
11/30/2022,1837.5,1897.6,1821.2,1887.5,262405
12/01/2022,1896.4,1906.1,1874.9,1883.7,219155
12/02/2022,1881.6,1902.3,1843.4,1894.4,201376
12/05/2022,1892,1894.9,1834.8,1841.9,186130
12/06/2022,1842.4,1847.5,1803.1,1814.1,191457
12/07/2022,1814,1827.6,1803.4,1808,176588
12/08/2022,1807.2,1838.3,1798.3,1819.7,172651
12/09/2022,1819.6,1828.7,1795.8,1797.2,201293
12/12/2022,1812,1837.2,1805.4,1834.3,342957
12/13/2022,1832.1,1905.7,1830.5,1848.5,340256
12/14/2022,1848.5,1863.5,1820.7,1834.8,281989
12/15/2022,1839.1,1842,1781.4,1788.3,233235
12/16/2022,1784.9,1792.1,1756.4,1774.2,231769
12/19/2022,1770.6,1784.5,1743.5,1749.5,156511
12/20/2022,1748.7,1769.4,1730.8,1758.6,154680
12/21/2022,1763.1,1798.1,1762,1787.9,160294
12/22/2022,1793,1795.3,1734.8,1765,177357
12/23/2022,1764.5,1779.3,1751.9,1772.6,132646
12/27/2022,1773.1,1789.6,1753.7,1760.8,115619
12/28/2022,1761.5,1769.7,1731.2,1733.2,133073
12/29/2022,1732.9,1781.4,1732,1777.1,148034
12/30/2022,1773.2,1778.3,1753.4,1770.9,134159
01/03/2023,1790,1801.8,1745.4,1760,223315
01/04/2023,1758.6,1794.8,1757.2,1783.1,216507
01/05/2023,1781.4,1787.9,1750.4,1762.4,176260
01/06/2023,1763.6,1808,1759.3,1803.4,217852
01/09/2023,1802.9,1828.5,1802.6,1805.9,159550
01/10/2023,1806.5,1833.3,1795.8,1832.2,160532
01/11/2023,1831.1,1857.1,1830.5,1855.2,169677
01/12/2023,1857.1,1887.2,1843.2,1885.8,243092
01/13/2023,1886,1900.8,1867.3,1898.1,161411
01/17/2023,1899.5,1905.6,1887.9,1894.9,173419
01/18/2023,1893.6,1916.5,1862.8,1864,228594
01/19/2023,1864.4,1866.5,1832.2,1845.2,206493
01/20/2023,1845.2,1876.6,1836.2,1876,181373
01/23/2023,1875.9,1906.4,1869.9,1899,181467
01/24/2023,1898.1,1903.5,1883.4,1894.8,147960
01/25/2023,1892.3,1902.4,1862.8,1899.5,176900
01/26/2023,1899.1,1923.3,1886.6,1910.5,174525
01/27/2023,1906.8,1927.2,1901.6,1919.5,163722
01/30/2023,1916.8,1919.9,1891.9,1893.5,164559
01/31/2023,1897.4,1940.1,1883.1,1939.4,212810
02/01/2023,1938.1,1986.5,1925.2,1968.4,253183
02/02/2023,1966.4,2016.9,1964.3,2007.9,278959
02/03/2023,2005,2015.6,1981.6,1993.5,225929
02/06/2023,1987.2,1991,1956.9,1965.1,182426
02/07/2023,1964.5,1984.2,1938.8,1979.3,232027
02/08/2023,1973.5,1978.9,1944.1,1949.9,178689
02/09/2023,1950.7,1973.1,1915.3,1920.9,188313
02/10/2023,1923.8,1927.5,1906.2,1924.4,182368
02/13/2023,1925.5,1949.8,1913.7,1947.1,156063
02/14/2023,1947.3,1964.1,1921.3,1946.1,220980
02/15/2023,1942,1967.3,1925.2,1965.5,167858
02/16/2023,1965.5,1970.3,1931.3,1945.3,211177
02/17/2023,1944.1,1953.2,1926.1,1950.7,189925
02/21/2023,1949.3,1951.7,1890.4,1892.7,199646
02/22/2023,1892.3,1909.8,1885.4,1898.3,193101
02/23/2023,1901.4,1921,1884.4,1910.9,189818
02/24/2023,1909.9,1914.5,1874.3,1891.6,189221
02/27/2023,1890.5,1919,1889.3,1898.9,151368
02/28/2023,1900.7,1916.7,1889.1,1899.1,162464
03/01/2023,1900.7,1911,1887.5,1899.8,180699
03/02/2023,1901.9,1908.4,1876.2,1904.2,156103
03/03/2023,1903.1,1934.8,1898.2,1930.8,147700
03/06/2023,1930.1,1936.9,1893.7,1902.2,177105
03/07/2023,1903.4,1909.6,1876.3,1879.8,161511
03/08/2023,1880.2,1890.3,1865,1880.3,169296
03/09/2023,1881.5,1886.3,1823.7,1827.2,252853
03/10/2023,1827.1,1838.6,1754.5,1772.7,432306
03/13/2023,1797.4,1825.4,1736.3,1758.8,589061
03/14/2023,1762.9,1820,1758.4,1794.5,425399
03/15/2023,1791.8,1801.7,1728.5,1762.2,434486
03/16/2023,1762.5,1800.8,1729.7,1786.2,375458
03/17/2023,1784.7,1795.6,1733,1738.4,301541
03/20/2023,1749.2,1779.4,1708,1760.7,263382
03/21/2023,1763.9,1808.2,1761.1,1793.3,216199
03/22/2023,1798.6,1799.2,1739.2,1741,237040
03/23/2023,1745.8,1774.9,1716.7,1732.5,284968
03/24/2023,1741.9,1751.2,1703,1747.7,264839
03/27/2023,1748.1,1777.5,1745.3,1767.3,205332
03/28/2023,1771.7,1779,1756.3,1764.8,136954
03/29/2023,1767.5,1788.4,1766.9,1784.3,158741
03/30/2023,1783.2,1802.4,1773.3,1780.1,166271
03/31/2023,1781.1,1817.1,1777.8,1813.5,210101
04/03/2023,1810.2,1827.4,1793.3,1814.2,195788
04/04/2023,1813.7,1823,1771.5,1780.9,180070
04/05/2023,1783.6,1784.7,1752.7,1763.7,169735
04/06/2023,1761.2,1772.2,1753.7,1766.8,153781
04/07/2023,1763.6,1785.5,1759.3,1785,13614
04/10/2023,1779.2,1789.1,1754.3,1785.6,145893
04/11/2023,1787.8,1807.2,1785.2,1798.3,140805
04/12/2023,1798.2,1822,1782.7,1784.9,175833
04/13/2023,1784.8,1813.9,1780.5,1808.7,129528
04/14/2023,1806.1,1819.4,1779.1,1791.7,170867
04/17/2023,1796.5,1817.1,1793.3,1814.2,139720
04/18/2023,1814.3,1825.5,1794.8,1806,149234
04/19/2023,1806.3,1814,1790.6,1809.9,139078
04/20/2023,1805.9,1809.4,1788.4,1798.2,152742
04/21/2023,1798,1808.6,1782.6,1801.4,155023
04/24/2023,1797.3,1809.7,1788.1,1799.5,122167
04/25/2023,1796.4,1796.9,1747.3,1754.8,203010
04/26/2023,1754.1,1757.7,1733,1737.8,211572
04/27/2023,1736.4,1762,1731.7,1760.1,183260
04/28/2023,1757.5,1781.1,1742.2,1774.8,211212
05/01/2023,1776.6,1796.5,1768.8,1776.4,159870
05/02/2023,1772,1777.9,1720.4,1737.9,258777
05/03/2023,1737.7,1778.9,1731.4,1745,273563
05/04/2023,1730,1743.5,1707.9,1724,266607
05/05/2023,1724,1772.2,1723.4,1765.4,207548
05/08/2023,1765.6,1776.1,1751.4,1761,135621
05/09/2023,1761.1,1762.7,1741.4,1755.1,132531
05/10/2023,1755.2,1786.8,1747,1764.9,219482
05/11/2023,1766.9,1774.1,1739.6,1749.7,174670
05/12/2023,1750.4,1763.1,1734.9,1746.5,143158
05/15/2023,1742.7,1776.5,1740.4,1767.5,157109
05/16/2023,1766.3,1768,1739.7,1740.9,187372
05/17/2023,1744.9,1784,1739.7,1781,240694
05/18/2023,1781.3,1794.4,1768.1,1791.1,218916
05/19/2023,1793.1,1805.6,1770.4,1779.2,224238
05/22/2023,1771.6,1808.6,1769.4,1800.9,190686
05/23/2023,1802.8,1823.7,1791.7,1793.1,236468
05/24/2023,1794.7,1798.9,1763.5,1772,241020
05/25/2023,1775,1775.5,1742.7,1758.7,254499
05/26/2023,1756.3,1780.3,1750.5,1777.3,192988
05/30/2023,1787.7,1791.7,1763.3,1771.2,215541
05/31/2023,1770.7,1775.8,1738.5,1751.8,257559
06/01/2023,1751.3,1777.2,1743.4,1771,223294
06/02/2023,1773,1836.1,1771.5,1834.6,272129
06/05/2023,1835.8,1842.8,1798.5,1809.6,266603
06/06/2023,1810.2,1864.5,1802.5,1858.1,267447
06/07/2023,1858.6,1898.6,1854.8,1892.4,307688
06/08/2023,1896.9,1899.9,1868,1883.3,237770
06/09/2023,1881.2,1884.7,1862.9,1868.4,234697
06/12/2023,1886.2,1903.4,1878.3,1895.1,388747
06/13/2023,1897.8,1926.7,1893.2,1916.7,352597
06/14/2023,1919.2,1929.1,1880.1,1894.7,299887
06/15/2023,1895.5,1912.1,1876.3,1909,252216
06/16/2023,1906.8,1920.3,1884.7,1893.4,220282
06/20/2023,1898,1898,1870.7,1885.4,174717
06/21/2023,1883,1892.4,1869.3,1880.5,165845
06/22/2023,1880.1,1882.8,1857,1865.3,164171
06/23/2023,1866.3,1867.8,1830.7,1834.6,239818
06/26/2023,1835.1,1858.7,1825.1,1838.4,198695
06/27/2023,1841.2,1871.7,1834.1,1865.7,171363
06/28/2023,1863.1,1878,1852.4,1874,167636
06/29/2023,1876,1902.3,1871.3,1898.1,204716
06/30/2023,1897.6,1916.4,1895.9,1903.7,200658
07/03/2023,1903.2,1919.6,1898.2,1911.1,116922
07/05/2023,1910.9,1913.4,1884.4,1888,192920
07/06/2023,1886.6,1887.2,1835,1856.3,253243
07/07/2023,1854.4,1894.3,1847.1,1878,198759
07/10/2023,1876.7,1911.3,1861.6,1909.6,172545
07/11/2023,1910.7,1931.3,1906,1927.8,175140
07/12/2023,1927.3,1965.3,1926.1,1948.5,239153
07/13/2023,1948.8,1967,1947.6,1963.9,158584
07/14/2023,1960.2,1964.7,1932,1944.2,190074
07/17/2023,1943.1,1973.2,1938,1965.3,140290
07/18/2023,1962.7,1993,1957.7,1989.9,169427
07/19/2023,1988,2005.9,1983.1,1997.3,166867
07/20/2023,1998.1,2007,1971.1,1980.1,168024
07/21/2023,1981.1,1995.9,1968.8,1971.7,156470
07/24/2023,1971.2,1990.5,1967.5,1976.9,129551
07/25/2023,1977.3,1989.9,1970.7,1977.2,141009
07/26/2023,1980.2,1999.5,1972.3,1991.9,169516
07/27/2023,1987.6,2012.7,1958.1,1966.2,209790
07/28/2023,1966.3,1996.4,1959.5,1991,147661
07/31/2023,1992.7,2015.7,1985.4,2013.6,171527
08/01/2023,2015,2017.8,1983.5,2004,172396
08/02/2023,1994.5,1999.3,1966,1976.6,185261
08/03/2023,1975.8,1982.9,1955.2,1970.8,164561
08/04/2023,1969.7,1987.7,1958.7,1965.5,187491
08/07/2023,1965.3,1977,1950.6,1967.5,142588
08/08/2023,1968.3,1969,1928.2,1955.1,182043
08/09/2023,1953.7,1964.6,1930,1938.1,156144
08/10/2023,1940.2,1963.6,1920.5,1928.5,203460
08/11/2023,1930.5,1938.5,1918.3,1931.2,149331
08/14/2023,1932.3,1939.3,1907.2,1928.1,176572
08/15/2023,1930,1933.9,1900.8,1902.4,190942
08/16/2023,1903.3,1911.9,1876.7,1878.6,186571
08/17/2023,1876.7,1889,1853.6,1856.2,204250
08/18/2023,1855.1,1871.3,1837.8,1865,231547
08/21/2023,1864.6,1874.1,1848.8,1861.6,184558
08/22/2023,1861.3,1875,1850,1856.6,164525
08/23/2023,1857,1879.3,1852,1875.2,174091
08/24/2023,1877.4,1883.7,1847.6,1850.3,242180
08/25/2023,1851.9,1867.2,1832.8,1857.4,205656
08/28/2023,1857.7,1884.5,1856.1,1873.3,146663
08/29/2023,1874.3,1900.7,1862.1,1898.8,165301
08/30/2023,1898.9,1912.8,1889.6,1906.6,156458
08/31/2023,1908.9,1918.3,1900.3,1901.6,150051
09/01/2023,1902.8,1934,1902.1,1922.7,191055
09/05/2023,1920.7,1923.9,1882.2,1883.1,226585
09/06/2023,1883.3,1895.7,1865.1,1876.5,174251
09/07/2023,1875.2,1877.7,1849.4,1857.8,168348
09/08/2023,1858.9,1863.8,1847.8,1853.4,190787
09/11/2023,1870.3,1889.5,1870.3,1875.8,356137
09/12/2023,1876,1884.9,1868.9,1873.3,290121
09/13/2023,1873.7,1881.6,1854.1,1860.4,240355
09/14/2023,1861.2,1891.4,1859.9,1886.5,220043
09/15/2023,1888.9,1892.7,1856.9,1865.1,208137
09/18/2023,1866.2,1871.1,1852.8,1853.2,132409
09/19/2023,1854.7,1862,1838.9,1845.6,179799
09/20/2023,1846.1,1863.9,1824.3,1826.3,183878
09/21/2023,1826,1826.8,1795.6,1797.9,219042
09/22/2023,1798.3,1810,1791.9,1792.7,171512
09/25/2023,1793,1804.6,1780.4,1800.9,175597
09/26/2023,1803.3,1804.1,1776.3,1777.9,205143
09/27/2023,1781.9,1802.8,1777.4,1793,236478
09/28/2023,1798.3,1818.9,1786,1809.1,217558
09/29/2023,1811.9,1824.8,1793.4,1798.6,219386
10/02/2023,1814.9,1818.2,1762.9,1771.4,257684
10/03/2023,1773.7,1775.7,1734.4,1741.9,260711
10/04/2023,1739.5,1748.4,1720.7,1743,277939
10/05/2023,1740.3,1748.8,1728.8,1743.6,229240
10/06/2023,1742.4,1769.1,1723.1,1759.7,284972
10/09/2023,1743.5,1775.7,1735.6,1770.3,184197
10/10/2023,1768.9,1801,1766.9,1790,210058
10/11/2023,1789.8,1802.7,1773.2,1786,175325
10/12/2023,1791.2,1800.9,1736,1746.2,242308
10/13/2023,1746.3,1755.2,1724.3,1729.9,214050
10/16/2023,1729.9,1762.2,1729.9,1758,173723
10/17/2023,1759.2,1792.9,1746.1,1778.1,243809
10/18/2023,1777.5,1779.3,1737,1740.2,234582
10/19/2023,1739.1,1748.1,1709.2,1712.7,284132
10/20/2023,1710.4,1714.5,1688.1,1689.8,276055
10/23/2023,1692.4,1699.7,1670.9,1676.1,242690
10/24/2023,1681.6,1701.2,1677.7,1688.9,194532
10/25/2023,1688.5,1689.6,1657.8,1660.9,221702
10/26/2023,1659.2,1681.2,1649,1664.5,301070
10/27/2023,1666.3,1676.3,1638.8,1645.1,243787
10/30/2023,1648.3,1670.8,1641.7,1653.6,198779
10/31/2023,1652.2,1672.4,1644.2,1668.4,208044
11/01/2023,1665.6,1678.2,1652.4,1676.4,273017
11/02/2023,1675.8,1723.6,1675.4,1720.7,271579
11/03/2023,1720.8,1779.6,1719.9,1767.7,308481
11/06/2023,1767.3,1772.3,1735.4,1745.6,202402
11/07/2023,1744.3,1746.8,1727.1,1740.1,189048
11/08/2023,1739.5,1743,1713.7,1720.2,195602
11/09/2023,1716.6,1733.8,1689.7,1692.9,231533
11/10/2023,1694.4,1717.1,1687.4,1711.5,211168
11/13/2023,1709,1717.4,1694.5,1711.5,170047
11/14/2023,1712.2,1808.2,1707.1,1805.2,399970
11/15/2023,1807.9,1838.5,1801.6,1808.5,337190
11/16/2023,1805.7,1813.5,1770.5,1779.4,283849
11/17/2023,1783.7,1805.6,1780.4,1802.4,202347
11/20/2023,1801.9,1815.8,1794.5,1812.1,157763
11/21/2023,1813.3,1816.4,1784.7,1788.7,160921
11/22/2023,1789.1,1811.7,1787.1,1798.9,182593
11/24/2023,1798.7,1815,1795.3,1811,92930
11/27/2023,1810.2,1811.3,1789,1804.2,152196
11/28/2023,1805.3,1809.3,1788.6,1797,163808
11/29/2023,1798.7,1834.5,1797.5,1805.8,215278
11/30/2023,1805.6,1822.2,1800.8,1812.2,217482
12/01/2023,1810.9,1869.6,1797,1865.7,296836
12/04/2023,1867.9,1886.1,1856.1,1884.9,266118
12/05/2023,1883.9,1887.2,1855.3,1859.8,226568
12/06/2023,1859.7,1895.2,1853.2,1854.8,246648
12/07/2023,1855.5,1870.9,1845.6,1869.7,226015
12/08/2023,1870,1892,1859.2,1882.1,304857
12/11/2023,1901.8,1910.4,1892.8,1906.6,369150
12/12/2023,1907,1924.8,1887.2,1904.2,310988
12/13/2023,1905.2,1975.7,1890,1971.2,373714
12/14/2023,1971.9,2036.4,1970,2022.5,458204
12/15/2023,2017.5,2045.3,1994.1,2005.4,351470
12/18/2023,2010.2,2022.6,2001.2,2005.6,202380
12/19/2023,2004.2,2047.9,2000.2,2044.8,216779
12/20/2023,2042.7,2064.4,2002,2003.6,299243
12/21/2023,2010.6,2039.7,2010,2039.2,218909
12/22/2023,2038.6,2069.8,2030.1,2056.4,189943
12/26/2023,2051.9,2087.6,2051.9,2082.1,124427
12/27/2023,2083,2097,2075.2,2089.1,166852
12/28/2023,2088.7,2096.2,2072.6,2079.3,152393
12/29/2023,2080.9,2086.2,2042.3,2047.7,174717
01/02/2024,2048,2061.6,2022.4,2033,259426
01/03/2024,2036.1,2037.3,1973.9,1977.3,304284
01/04/2024,1979.8,1991,1965.6,1973.6,224522
01/05/2024,1977.3,1989.1,1938.6,1966.8,244281
01/08/2024,1969.2,2004.6,1954.5,2004.1,185648
01/09/2024,2002.3,2002.7,1966.4,1982.7,179161
01/10/2024,1980.9,1988.7,1963.4,1984,185494
01/11/2024,1984.6,2003.1,1944.7,1969.1,256073
01/12/2024,1966.7,2003.3,1957.3,1963.9,202593
01/16/2024,1962.9,1971.1,1931.5,1940.1,235625
01/17/2024,1940.4,1942.1,1904.8,1925,210028
01/18/2024,1925,1941.8,1911.2,1936.2,217256
01/19/2024,1936.9,1958.3,1921.3,1954.8,203573
01/22/2024,1957.6,1998.7,1957.4,1996.3,231350
01/23/2024,1997.7,2017,1980,1989.5,227477
01/24/2024,1989.8,2017.2,1968.3,1972.2,215770
01/25/2024,1973.4,2006,1970.8,1987.7,213535
01/26/2024,1991,2008.3,1982.5,1988.5,174971
01/29/2024,1985.5,2023.3,1979.3,2022.8,161799
01/30/2024,2019.1,2025.5,1999.3,2005.9,161490
01/31/2024,2009.5,2019.6,1953.5,1955.9,314780
02/01/2024,1959.8,1985.9,1941.1,1982.6,284422
02/02/2024,1982.8,1988.3,1949.4,1970.6,242306
02/05/2024,1968.4,1970,1925.4,1943.8,209771
02/06/2024,1942.7,1963.4,1934.5,1961,172176
02/07/2024,1961.1,1971.6,1944.9,1957.5,192421
02/08/2024,1954.7,1988.6,1947.4,1987.6,167804
02/09/2024,1985.7,2020.8,1983.8,2019.1,207362
02/12/2024,2017.2,2060.9,2015.8,2055,239293
02/13/2024,2054.1,2058.2,1953.7,1969.3,431449
02/14/2024,1972.3,2021.8,1970.4,2016.8,259660
02/15/2024,2018.5,2071.2,2017.2,2067.5,279940
02/16/2024,2064,2070,2032.1,2039,260406
02/20/2024,2037.5,2044.8,2001.7,2010.2,208402
02/21/2024,2013,2013.8,1985,2000.5,167564
02/22/2024,2002.7,2021.6,1999,2016,244586
02/23/2024,2013.7,2031.9,2003.6,2020.5,171005
02/26/2024,2018,2036.7,2009.3,2032.2,148525
02/27/2024,2031,2062.4,2027.1,2059.9,166749
02/28/2024,2059.1,2059.9,2038.2,2043.4,153413
02/29/2024,2041,2083.4,2037.2,2057.3,247225
03/01/2024,2053.6,2082.1,2044.9,2078.2,181726
03/04/2024,2076,2096.8,2073.1,2075.8,176223
03/05/2024,2073.3,2077.4,2048.4,2055.3,181580
03/06/2024,2054.7,2079.3,2052.1,2069.7,187028
03/07/2024,2070.6,2099,2057.3,2086.7,187560
03/08/2024,2088.5,2121.4,2070.7,2084.6,298115
03/11/2024,2114.9,2114.9,2088.3,2092.7,380033
03/12/2024,2095.2,2109.3,2073.2,2089.2,319893
03/13/2024,2086.6,2106,2082.8,2097.1,206030
03/14/2024,2098.1,2106.2,2040.4,2057,271767
03/15/2024,2058.4,2069.6,2049.7,2063.3,190028
03/18/2024,2064.1,2076.4,2047.1,2049.8,155235
03/19/2024,2050.9,2065.7,2032.5,2059.3,153285
03/20/2024,2059.6,2108.7,2047.8,2098.6,236470
03/21/2024,2102.2,2132.7,2101.7,2122.8,208947
03/22/2024,2125.3,2132.2,2091.4,2093.6,160558
03/25/2024,2092.6,2111.9,2089.2,2097.3,104367
03/26/2024,2098.8,2118.2,2091.5,2092.6,132793
03/27/2024,2095.8,2142.4,2095.8,2138.4,188244
03/28/2024,2140.6,2161.8,2132.4,2145.9,191410
04/01/2024,2150.6,2167,2119.5,2123,177305
04/02/2024,2126,2129.5,2072.1,2082.7,234059
04/03/2024,2087.2,2102.7,2069.9,2096.8,188513
04/04/2024,2098.2,2123.7,2068.9,2074.4,197910
04/05/2024,2075.2,2094.4,2059.4,2082.3,197681
04/08/2024,2086,2101.6,2074,2092.4,144288
04/09/2024,2092.8,2106.7,2081.1,2100.3,159897
04/10/2024,2102.4,2114,2027.9,2043.2,368117
04/11/2024,2043.7,2063.7,2017,2057.9,247329
04/12/2024,2057.6,2062.4,2009.8,2019.8,203697
04/15/2024,2019.8,2035.8,1982.2,1991,258842
04/16/2024,1992.2,1994.7,1965.3,1982.8,255907
04/17/2024,1983.3,2000.9,1959.2,1962,232306
04/18/2024,1963.8,1987.4,1951.9,1958.1,219658
04/19/2024,1958.6,1974.2,1915.8,1961.2,276502
04/22/2024,1966.4,1993.2,1958.7,1982.6,155021
04/23/2024,1985.1,2023.9,1973.9,2014.9,187512
04/24/2024,2016,2019.1,1993.9,2006.8,169194
04/25/2024,2010.5,2023.5,1965.7,1993.2,225344
04/26/2024,1992.9,2020,1984.6,2013.7,164590
04/29/2024,2019,2032.9,2015.1,2027.1,123420
04/30/2024,2025.6,2026.7,1978.1,1985.6,194515
05/01/2024,1982.7,2031.3,1972.1,1989.7,254994
05/02/2024,1997.9,2032.2,1991.7,2027.2,186415
05/03/2024,2026.4,2070,2019.1,2045.8,195087
05/06/2024,2052.9,2075.5,2047.5,2071.1,132243
05/07/2024,2071.2,2088.8,2069.2,2076.7,131226
05/08/2024,2072,2074.4,2051.8,2064.8,118276
05/09/2024,2063.4,2086.9,2054.3,2084.1,117960
05/10/2024,2085.3,2096.3,2061.9,2067.9,133665
05/13/2024,2066.7,2090.9,2065.7,2072.5,114511
05/14/2024,2071.9,2103.5,2058.3,2095,195229
05/15/2024,2097.2,2132.5,2094.5,2118.9,195262
05/16/2024,2117.6,2123.9,2102.5,2104.9,137878
05/17/2024,2103.4,2109.2,2097.4,2105.5,125958
05/20/2024,2105.9,2118.8,2100.1,2109.9,117589
05/21/2024,2111.6,2113.4,2093.6,2107.1,117246
05/22/2024,2106,2110.2,2080.6,2089.1,167725
05/23/2024,2084.6,2101,2044.9,2053.7,243990
05/24/2024,2056.4,2078.4,2055.7,2076.5,137368
05/28/2024,2078.2,2093.5,2060.9,2073.2,170242
05/29/2024,2071,2071.1,2038.4,2041.6,175503
05/30/2024,2041.2,2070,2031.2,2061,170394
05/31/2024,2064.1,2082.5,2048.7,2075.8,206185
06/03/2024,2080,2104.7,2050.4,2065.2,204362
06/04/2024,2066,2068,2035.1,2037.5,174964
06/05/2024,2038.6,2069.8,2035.6,2068.7,162991
06/06/2024,2069.3,2069.3,2047.7,2053,133887
06/07/2024,2054.8,2060.3,2020.6,2029.2,169169
06/10/2024,2027.7,2038,2005.8,2035.9,164552
06/11/2024,2035.8,2037.4,2005.6,2027.7,153461
06/12/2024,2027.3,2095.2,2024.3,2060,312582
06/13/2024,2060.2,2074,2026,2041,258239
06/14/2024,2060.1,2061,2020.5,2029,186633
06/17/2024,2025.7,2051.5,2015.2,2046.1,357929
06/18/2024,2046.7,2059.3,2036.3,2049.3,240639
06/20/2024,2050.1,2060.6,2033.5,2039.7,194615
06/21/2024,2039.9,2046.2,2024.9,2043.4,140816
06/24/2024,2044.8,2067.3,2034.5,2052.8,156102
06/25/2024,2053.6,2060,2037.3,2044.9,120879
06/26/2024,2042.5,2046.8,2026.5,2040.5,132557
06/27/2024,2037.9,2063.3,2030.4,2060.1,142416
06/28/2024,2061.4,2084.9,2050.4,2065,265544
07/01/2024,2068.4,2079.4,2041.2,2048.4,210660
07/02/2024,2049.2,2059.6,2035.9,2055,140636
07/03/2024,2053.5,2069.4,2050.9,2053.1,110063
07/05/2024,2055.1,2061.8,2032.8,2042.7,169124
07/08/2024,2040.8,2072.3,2036.7,2056.7,176796
07/09/2024,2058.1,2064.9,2039.3,2047.8,134115
07/10/2024,2048.5,2070.9,2047.6,2069.3,123554
07/11/2024,2068.6,2149,2064.8,2145.6,427085
07/12/2024,2148.3,2186.4,2144.8,2167,278739
07/15/2024,2175.5,2219.9,2170.9,2207.6,271803
07/16/2024,2210.5,2287.7,2207.1,2284.2,322116
07/17/2024,2285.9,2304.9,2253.7,2260.9,364049
07/18/2024,2265.5,2285.5,2206.8,2217,311648
07/19/2024,2220.7,2225.2,2193.6,2202.3,224004
07/22/2024,2207,2242.6,2188.7,2238.7,224543
07/23/2024,2239.9,2274,2224.1,2262,233109
07/24/2024,2262.8,2274.5,2212.1,2214.6,279584
07/25/2024,2215.7,2275.7,2202.2,2240.3,286454
07/26/2024,2244.4,2288.8,2244.2,2277.2,223962
07/29/2024,2277.2,2298.1,2241.2,2251.3,187469
07/30/2024,2249.9,2278.5,2236.3,2259.1,184602
07/31/2024,2263,2320.5,2253.1,2273,290469
08/01/2024,2272.5,2282.5,2182.1,2198.1,357063
08/02/2024,2195.9,2200.1,2097,2118.5,374042
08/05/2024,2097.5,2109.8,1992.8,2049,443442
08/06/2024,2063.7,2099.9,2038.3,2072.6,285298
08/07/2024,2060.8,2113.1,2035.5,2045.8,237464
08/08/2024,2038.2,2100,2025.9,2095,196018
08/09/2024,2096.5,2112.3,2075,2089.9,139129
08/12/2024,2088.7,2095.4,2063,2071.5,131963
08/13/2024,2071.5,2109.6,2062.4,2105,145321
08/14/2024,2102.7,2140.5,2082.1,2091.8,177220
08/15/2024,2092.6,2156.5,2080.7,2145.6,218191
08/16/2024,2147.4,2164.6,2133.1,2151.6,145019
08/19/2024,2154.2,2178.1,2147.6,2176.6,105933
08/20/2024,2177.3,2187.1,2144.6,2151.7,122009
08/21/2024,2152.5,2182,2150.3,2179.3,129993
08/22/2024,2181.9,2188.3,2154.9,2159.3,126201
08/23/2024,2161.4,2235,2161.4,2227.2,210141
08/26/2024,2228.2,2249.3,2224.2,2227.6,156977
08/27/2024,2225.3,2233.4,2199.6,2210.2,123286
08/28/2024,2210.3,2213.8,2184.7,2195.7,126309
08/29/2024,2193.4,2232.2,2186,2210.5,165053
08/30/2024,2213.9,2227.4,2194.4,2223.1,144465
09/03/2024,2221.3,2224.5,2148.6,2153.5,202093
09/04/2024,2154.5,2173.7,2135.7,2149.8,163448
09/05/2024,2144,2159.8,2128.1,2137.6,160355
09/06/2024,2140.9,2150.1,2083.4,2096.5,240258
09/09/2024,2091,2120.2,2086.8,2102.3,163002
09/10/2024,2104.8,2107.5,2074.7,2101,146856
09/11/2024,2101.3,2109.2,2058.2,2106,208191
09/12/2024,2106.6,2144.2,2100.1,2132.5,199406
09/13/2024,2134.7,2188.4,2132.5,2184.8,284919
09/16/2024,2203.5,2226.3,2198.5,2214,327083
09/17/2024,2211.7,2256.4,2207.4,2230.7,315628
09/18/2024,2231.6,2287.4,2219.5,2229.9,300591
09/19/2024,2235.4,2305,2234.4,2277.1,253402
09/20/2024,2277.5,2277.9,2248.9,2252.6,181641
09/23/2024,2256.4,2268.1,2235.4,2243.2,125363
09/24/2024,2243.2,2255.3,2229.5,2246.5,137691
09/25/2024,2246.4,2251.1,2216.7,2218.5,131425
09/26/2024,2221.5,2253.6,2219.2,2230.9,145288
09/27/2024,2231,2268.1,2222.6,2244.3,160487
09/30/2024,2241.8,2256.9,2226.2,2249.2,152402
10/01/2024,2248.4,2252.9,2201.5,2217.9,184990
10/02/2024,2216,2226.5,2197.1,2214.9,122401
10/03/2024,2218.2,2220.1,2188.2,2199,163452
10/04/2024,2197.1,2240.9,2195.6,2230.5,170759
10/07/2024,2234.5,2237.6,2195.8,2211.2,108796
10/08/2024,2213.9,2221.4,2201.5,2213.7,121535
10/09/2024,2213.7,2233.9,2200.7,2218.3,134271
10/10/2024,2214.9,2225,2181.5,2204.7,168164
10/11/2024,2205.9,2252.6,2194.1,2250,146086
10/14/2024,2249.3,2267.8,2240.2,2265.6,113715
10/15/2024,2266.6,2291.8,2255.5,2267.6,174112
10/16/2024,2269.6,2309,2264.7,2304.4,143984
10/17/2024,2303.9,2311.4,2285.4,2297.7,138631
10/18/2024,2295.3,2310.2,2289.1,2291.2,109014
10/21/2024,2293.5,2300.8,2249.4,2255.5,119438
10/22/2024,2256.3,2256.8,2234.1,2246.2,110744
10/23/2024,2242.1,2247.8,2206.5,2226.7,126996
10/24/2024,2223.7,2243.5,2217.9,2231,110842
10/25/2024,2231.7,2252.2,2216.7,2221.5,113601
10/28/2024,2225.7,2262.4,2225.5,2257.5,123157
10/29/2024,2257.7,2262.8,2231.3,2250.3,128142
10/30/2024,2252.1,2277.4,2240,2247.3,147381
10/31/2024,2247.3,2256,2202.9,2208.6,177534
11/01/2024,2206.2,2240,2198.4,2220.6,134864
11/04/2024,2214,2247.8,2203.3,2231.1,160159
11/05/2024,2230.8,2281.8,2220,2273.1,125338
11/06/2024,2280.8,2423.9,2272,2405.8,437289
11/07/2024,2404.1,2424.5,2386.5,2395.7,213648
11/08/2024,2401.6,2416.3,2387.3,2412.4,139767
11/11/2024,2418.1,2455.6,2418,2448.5,169733
11/12/2024,2447.5,2449.7,2396.3,2405.1,180937
11/13/2024,2405.8,2435.6,2379,2382.7,187234
11/14/2024,2386.1,2401.2,2341.5,2349.6,185281
11/15/2024,2350.7,2355.8,2306.4,2313.6,174160
11/18/2024,2317.7,2334.4,2309.3,2317.7,118501
11/19/2024,2318.7,2336.6,2282.5,2334.1,154657
11/20/2024,2332.9,2343.5,2306.8,2335.2,146166
11/21/2024,2335.7,2382.6,2321.7,2373.6,183950
11/22/2024,2371,2419,2368.3,2413.6,154260
11/25/2024,2430,2477.1,2427.9,2451,233201
11/26/2024,2453.9,2457.1,2418.7,2432.4,161124
11/27/2024,2439.3,2462.9,2429.6,2434.3,141781
11/29/2024,2438.4,2460.5,2436.2,2444.6,108010
12/02/2024,2444.4,2454,2424,2442.5,157629
12/03/2024,2444.7,2445.8,2417.3,2423.5,134222
12/04/2024,2421.8,2440.1,2393.1,2432.3,132228
12/05/2024,2432.3,2434.8,2399.6,2402.2,134049
12/06/2024,2402.4,2425.4,2396.4,2411.7,128689
12/09/2024,2413.2,2435.4,2397,2398.3,140512
12/10/2024,2399.4,2409.2,2379.8,2388.8,144828
12/11/2024,2393,2413.9,2386.1,2399.7,152343
12/12/2024,2399.1,2400.4,2363.1,2365.5,160456
12/13/2024,2366.2,2373,2337.3,2349.7,243372
12/16/2024,2372.8,2402.6,2368.9,2391.4,413574
12/17/2024,2390.2,2394.1,2358.8,2363.2,278915
12/18/2024,2363.4,2385.9,2235.4,2255.9,348122
12/19/2024,2258,2292.6,2239.1,2245.4,299650
12/20/2024,2248,2292.6,2211.7,2267.8,269490
12/23/2024,2270.6,2283.4,2238.6,2258.7,136869
12/24/2024,2260.9,2280.9,2248.7,2278.9,62358
12/26/2024,2278.2,2304.8,2257.6,2300.5,112817
12/27/2024,2299.9,2302,2241.5,2263.3,147481
12/30/2024,2263.6,2267.8,2217.6,2247.7,134768
12/31/2024,2247.7,2273.2,2240.8,2249.8,152948
01/02/2025,2258,2283.2,2233.6,2249.4,178382
01/03/2025,2252,2286.5,2246.8,2283.4,125127
01/06/2025,2286.9,2313.6,2277.6,2282.6,152281
01/07/2025,2283.3,2302.6,2250.5,2263.9,163915
01/08/2025,2262.6,2269.8,2226,2254,176556
01/09/2025,2254.5,2256,2240.8,2246.2,13615
01/10/2025,2245.5,2252.8,2186.3,2201.7,238896
01/13/2025,2196.3,2210.8,2172.2,2207.2,173185
01/14/2025,2213,2242.7,2205.4,2232.2,185328
01/15/2025,2235.6,2303.5,2235.3,2276.2,194335
01/16/2025,2277.5,2286.5,2261.6,2279.2,140157
01/17/2025,2275.3,2307.5,2273.9,2286.9,143453
01/21/2025,2288.7,2333.2,2258.4,2331.6,207074
01/22/2025,2327.8,2337,2311.4,2315.5,138918
01/23/2025,2316.9,2326.8,2298.1,2326.3,141284
01/24/2025,2324.2,2334.8,2312.4,2319.3,117760
01/27/2025,2307,2328.1,2281.5,2297.1,204853
01/28/2025,2298.2,2307.4,2282.2,2299.3,129909
01/29/2025,2298,2313.6,2276.6,2294.1,155097
01/30/2025,2298.7,2332,2296.1,2316.3,179457
01/31/2025,2313.9,2333.9,2284.9,2295.4,211575
02/03/2025,2248,2290.9,2198,2267.4,268862
02/04/2025,2293.6,2302.9,2252.7,2298.8,142963
02/05/2025,2300.1,2327.8,2295.1,2324,108371
02/06/2025,2327.2,2336.2,2301.6,2314.9,130542
02/07/2025,2313,2327.9,2283,2287.8,174344
02/10/2025,2268.2,2303.4,2263.2,2297.3,105855
02/11/2025,2297.2,2298.1,2274.2,2284,121874
02/12/2025,2284.2,2300,2231.4,2263.1,178731
02/13/2025,2263.2,2290.2,2257.5,2288,145519
02/14/2025,2287.8,2306,2281.6,2285.4,110559
02/18/2025,2289.7,2302.4,2280.3,2297.5,137694
02/19/2025,2297,2301.5,2275.6,2289.7,124657
02/20/2025,2284.7,2288,2254.4,2266.6,135192
02/21/2025,2264.3,2286.1,2196.9,2199.3,232912
02/24/2025,2202.4,2219.9,2173.5,2184.4,193300
02/25/2025,2187.2,2194.8,2156.6,2176.3,198054
02/26/2025,2183.5,2206.2,2169.8,2178.2,168808
02/27/2025,2183.1,2200.6,2143.3,2144.5,197197
02/28/2025,2147,2167.1,2129.4,2165.3,210280
03/03/2025,2169.8,2195.1,2093.2,2105.9,246049
03/04/2025,2113.9,2116.8,2050.3,2083.1,332271
03/05/2025,2102.6,2115.6,2066.4,2105.2,245362
03/06/2025,2101.2,2105.6,2056.8,2070.4,258273
03/07/2025,2073.3,2100.9,2034.1,2077.3,275114
03/10/2025,2068,2070.7,2003.8,2023.4,270301
03/11/2025,2028.1,2049,2001.6,2025,336321
03/12/2025,2025.4,2079.1,2011.2,2027.7,254561
03/13/2025,2024.1,2036.2,1985.5,1996.1,240731
03/14/2025,2001.9,2045.8,2001.1,2044.1,256243
03/17/2025,2053.7,2092.5,2041.5,2085.9,367379
03/18/2025,2082.2,2086.1,2059.3,2067.6,280220
03/19/2025,2069.1,2113.5,2064.6,2100,265896
03/20/2025,2103.3,2114,2077.7,2085.7,184606
03/21/2025,2084.1,2089.6,2051.5,2074.4,196452
03/24/2025,2083,2127.9,2083,2125.2,184506
03/25/2025,2121.9,2128,2105.5,2112.3,136502
03/26/2025,2114.7,2123.4,2081.1,2090.3,154224
03/27/2025,2080.1,2098.6,2071.7,2080.7,159612
03/28/2025,2081.8,2088.3,2026.1,2037.1,170536
03/31/2025,2019.3,2038.4,1986.2,2027.1,213865
04/01/2025,2024.9,2044.4,1997.8,2026.7,222152
04/02/2025,2027.3,2092.8,1974,2059.1,246517
04/03/2025,1967,1984.6,1917.5,1923.8,360864
04/04/2025,1921.8,1927.6,1792.2,1839.4,557889
04/07/2025,1782,1931.8,1711.5,1822.7,578316
04/08/2025,1834.3,1889.9,1748,1774,445542
04/09/2025,1769.2,1948.6,1709.1,1924.9,567771
04/10/2025,1933.3,1945.6,1794.3,1844.6,472685
04/11/2025,1840.6,1873.8,1809.8,1869,291190
04/14/2025,1885.3,1905.7,1855.5,1891.3,238863
04/15/2025,1889.8,1916.6,1875.7,1892.9,195548
04/16/2025,1887.3,1899.1,1849.7,1874.4,234167
04/17/2025,1874.8,1899.1,1868.2,1889.6,230223
04/21/2025,1885,1887.7,1830.6,1850.6,150445
04/22/2025,1847.2,1905.2,1844.2,1898.9,239178
04/23/2025,1925,1980.1,1922.1,1926.1,277863
04/24/2025,1930,1974.1,1909.7,1964.5,183924
04/25/2025,1966.3,1968.4,1937.8,1964.3,186235
04/28/2025,1960.8,1984.4,1942.6,1971.9,163342
04/29/2025,1967.7,1991.7,1952.6,1983.6,171599
04/30/2025,1985.6,1987.4,1929.1,1969.8,245178
05/01/2025,1968.3,1999,1959.2,1982,208136
05/02/2025,1980.3,2034.3,1979.6,2026.8,179927
05/05/2025,2026.8,2026.9,2002.3,2010.9,133042
05/06/2025,2010.9,2012,1977.4,1988.9,154421
05/07/2025,1981.9,2013,1981.1,1995.3,175411
05/08/2025,1996.8,2048.5,1993.6,2033.3,185682
05/09/2025,2031,2043.5,2019.9,2028.8,149126
05/12/2025,2074.4,2139.6,2053.8,2100.3,267790
05/13/2025,2102.9,2120,2086.3,2108.3,145873
05/14/2025,2107,2109.4,2085.6,2089.2,148960
05/15/2025,2088.7,2105.9,2074.3,2101.4,138525
05/16/2025,2105.8,2121.6,2097.6,2119.4,139134
05/19/2025,2100.9,2110.6,2081.6,2109.5,135990
05/20/2025,2106.1,2117,2097.1,2110.8,107079
05/21/2025,2109.4,2110.8,2046.8,2051.5,205413
05/22/2025,2050.2,2062.1,2027.1,2050.2,196352
05/23/2025,2054,2060,1981.5,2042.9,189083
05/27/2025,2043,2097,2041.3,2093.7,163835
05/28/2025,2096.9,2097.9,2068.8,2072.3,147085
05/29/2025,2071.3,2130.6,2061.2,2078,201136
05/30/2025,2075.1,2078.3,2050.9,2068.3,191866
06/02/2025,2060.2,2076.7,2042.2,2073.3,163567
06/03/2025,2073.2,2112.1,2053.8,2106.1,180458
06/04/2025,2106.5,2118.2,2096.9,2100.3,144201
06/05/2025,2099.6,2116.1,2084.7,2099.4,188979
06/06/2025,2098,2136.1,2097.7,2133.5,162706
06/09/2025,2136,2157.5,2131.4,2147.4,150058
06/10/2025,2147.7,2168.6,2142.5,2159.4,137266
06/11/2025,2159.7,2194.1,2146.8,2150.4,196984
06/12/2025,2147.1,2151.3,2124.6,2141.2,141049
06/13/2025,2154,2154.5,2088.7,2118.3,132070
06/16/2025,2110.7,2154.8,2104.1,2142,337669
06/17/2025,2143.9,2144.5,2114.7,2118.9,298555
06/18/2025,2118.8,2149.8,2107.4,2129.3,235186
06/20/2025,2130.2,2159.4,2089.8,2124.9,221709
06/23/2025,2107.6,2151,2098.8,2149.5,197710
06/24/2025,2150.2,2182.8,2148.7,2177.9,156527
06/25/2025,2176.5,2181.5,2149.2,2153.3,135988
06/26/2025,2152,2189.6,2149.9,2187.6,139881
06/27/2025,2189.2,2207,2173.6,2188.8,213520
06/30/2025,2189.5,2203.2,2186.4,2191.7,156936
07/01/2025,2188.5,2238.8,2174,2213.4,220243
07/02/2025,2213.9,2247.7,2207.8,2244.3,190515
07/03/2025,2245.8,2280,2244.3,2262.7,138688
07/07/2025,2262,2262,2214.9,2229.1,212884
07/08/2025,2223.6,2254.9,2219.1,2245.1,143551
07/09/2025,2244.9,2270.7,2233.6,2268.4,147330
07/10/2025,2268.6,2292.6,2260.2,2280,144673
07/11/2025,2281,2284.4,2244.1,2247.6,145260
07/14/2025,2237.8,2263.6,2225.5,2262.5,123762
07/15/2025,2261.4,2273.4,2212.1,2218.3,202261
07/16/2025,2213.5,2243.5,2198,2239.6,234516
07/17/2025,2237.6,2271.8,2228.2,2267.5,164731
07/18/2025,2268.5,2283.8,2248.1,2251,157334
07/21/2025,2251.3,2272.4,2240.5,2242.3,135766
07/22/2025,2246.8,2266.1,2234.1,2260.7,163764
07/23/2025,2263.9,2296.5,2262.3,2294.8,180702
07/24/2025,2292.7,2293,2262.7,2263.6,141313
07/25/2025,2267.1,2276.1,2252.2,2271.3,138901
07/28/2025,2282.9,2293.2,2261,2269.3,150652
07/29/2025,2267.9,2284.8,2247.2,2253.6,151547
07/30/2025,2255.2,2276,2226,2241.5,209828
07/31/2025,2228.5,2245.7,2213.8,2220.2,234129
08/01/2025,2217.3,2223.5,2146.8,2173.1,340935
08/04/2025,2173.4,2228.3,2167.1,2220.1,168539
08/05/2025,2228.4,2236.4,2205.8,2232.1,172434
08/06/2025,2234.2,2251.7,2216.9,2229.1,164779
08/07/2025,2230,2254.4,2208.1,2221.8,176516
08/08/2025,2226.2,2238.9,2219.8,2226.1,131145
08/11/2025,2233.7,2239.5,2220.3,2224.8,132518
08/12/2025,2224.8,2293.6,2222.9,2291.2,238128
08/13/2025,2292,2338.1,2290.4,2336.1,214520
08/14/2025,2332.3,2337,2284.2,2305.2,243900
08/15/2025,2306.5,2319.6,2281.7,2292.7,162869
08/18/2025,2289.5,2306.5,2289.4,2301.6,103982
08/19/2025,2301.6,2311.4,2278.1,2283.6,135375
08/20/2025,2283.9,2286.8,2257.8,2274.8,146274
08/21/2025,2276.6,2284,2258.1,2280.6,144693
08/22/2025,2283.5,2374.9,2274.6,2368.9,274632
08/25/2025,2369.3,2373.5,2342.6,2344.1,0
08/26/2025,2346.1,2368.7,2330.8,2364.1,160458
08/27/2025,2365.1,2383,2355,2379.7,140526
08/28/2025,2381.4,2398.6,2373.3,2382.2,145046
08/29/2025,2382.8,2390.5,2362.2,2369.8,153336
09/02/2025,2373,2376.5,2326.1,2357,216532
09/03/2025,2353,2370.1,2338.4,2353.7,175427
09/04/2025,2357.4,2385.3,2352.9,2383.3,146052
09/05/2025,2382,2413.5,2365.6,2393.5,242187
09/08/2025,2391.8,2404.4,2379.7,2398.4,154358
09/09/2025,2398.2,2404.7,2369.9,2384.6,170736
09/10/2025,2378.8,2401,2370.2,2379.7,165969
09/11/2025,2376,2424.7,2370,2423.1,211716
09/12/2025,2420,2420.4,2396.1,2397.9,214691
09/15/2025,2416.1,2433.3,2415.9,2425.6,328235
09/16/2025,2422.4,2432.7,2405.7,2420.3,283945
09/17/2025,2424.2,2481.5,2407.9,2427,333932
09/18/2025,2428.8,2491.7,2428.3,2487.5,259241
09/19/2025,2489.7,2498.6,2462.8,2466.3,221528
